0.999785 1
0.999759 1
0.147354 0
0.999917 1
0.999843 1
0.977619 1
0.999855 1
0.863421 0
0.609029 0
0.950432 0
0.903062 0
0.301093 0
0.997815 1
0.997441 1
0.999573 1
0.999883 1
0.999907 1
0.223757 0
0.943647 1
0.99976 1
0.999867 1
0.994375 1
0 1
0.998986 0
0.999792 1
0.999611 1
0.999853 1
0.984839 0
0.208043 0
0.10791 0
0.971181 0
0.999779 1
0.999701 1
0.99971 1
0 1
0 1
0 1
0 1
0 1
0.999825 1
0.970553 1
0.859491 0
0.272071 0
0.999283 1
0.998962 1
0.999614 1
0.992426 1
0.998677 1
0.999652 1
0.999656 1
0.999883 1
0.999856 1
0.999902 1
0.999873 1
0.999552 1
0.999851 1
0.999872 1
0.999856 1
0.999817 1
0.168876 0
0.18195 0
0.999749 1
0.999823 1
0.999737 1
0.999838 1
0.976897 0
0.320205 0
0.105859 0
0.798515 0
0.999661 1
0.99965 1
0.998151 1
0.999888 1
0.999856 1
0.999766 1
0.999719 1
0.999913 1
0.999859 1
0.64212 0
0.999677 1
0.999819 1
0.999583 1
0.999775 1
0.999833 1
0.999826 1
0.999829 1
0.997596 1
0 1
0 1
0.999347 0
0.996412 0
0.999775 1
0.999558 1
0.999876 1
0.999853 1
0.999878 1
0.999882 1
0.999726 1
0.999722 1
0.917877 0
0.999735 1
0.999854 1
0.97842 0
0.999818 1
0.999709 1
0.999847 1
0.744017 0
0.999917 1
0.999844 1
0.999766 1
0.999723 1
0.999839 1
0.998139 1
0.327677 0
0.999593 1
0 1
0 1
0 1
0.958134 0
0.966732 0
0.236321 0
0.793598 1
0.999895 1
0.999766 1
0.999721 1
0.999813 1
0.999708 1
0.999848 1
0.999809 1
0.999537 1
0.384221 0
0.999804 1
0.999841 1
0.999846 1
0.999867 1
0.999712 1
0.348819 0
0.999753 1
0.999878 1
0.999888 1
0.999811 1
0.999885 1
0 1
0.424652 0
0.985772 0
0.999863 1
0.99982 1
0.999878 1
0.999774 1
0.998913 1
0.999741 1
0.191213 0
0.999771 1
0.999853 1
0 1
0 1
0.990203 0
0.999852 1
0.999774 1
0.999687 1
0.999858 1
0.999869 1
0.99991 1
0.930876 0
0.999712 1
0.999221 1
0.999467 1
0.887396 0
0.999673 1
0.999354 1
0.999784 1
0.999596 1
0.999747 1
0.540513 0
0.242929 0
0.999708 1
0.99927 1
0.999683 1
0.997853 1
0.999884 1
0.999913 1
0.999815 1
0.912794 0
0.426827 0
0.393431 0
0.999849 1
0 1
0.999503 0
0.99982 1
0.999329 1
0.992594 0
0.842469 0
0.999677 1
0.999771 1
0.999704 1
0.999839 1
0.949137 0
0.99974 1
0.999797 1
0.999755 1
0.999831 1
0.995072 0
0.999385 1
0.99974 1
0.999848 1
0.999819 1
0.999766 1
0.92438 0
0.129632 0
0.999559 1
0.999489 1
0.996633 1
0.981347 1
0.9992 1
0.99973 1
0.999645 1
0.259791 0
0.515978 0
0.999914 1
0.944313 0
0.988093 0
0.303927 0
0.315208 0
0.994272 1
0.999815 1
0.681783 0
0.952906 0
0.993885 0
0.99953 1
0.999723 1
0.99976 1
0.155611 0
0.999712 1
0.993337 0
0.999794 1
0.220633 0
0.897473 0
0.999607 1
0.999855 1
0.999054 1
0.999783 1
0.999877 1
0.86967 0
0.999815 1
0.999724 1
0.999846 1
0 1
0.999213 0
0.999863 1
0.999898 1
0.999889 1
0.282516 0
0.940532 0
0.829656 0
0.999848 1
0.999878 1
0 1
0.147735 0
0.149068 0
0.99829 0
0.999814 1
0.999765 1
0.999825 1
0.999754 1
0.999765 1
0.999786 1
0.83241 0
0.999836 1
0.561963 0
0.990826 0
0.999904 1
0.999892 1
0.999894 1
0.999923 1
0.999752 1
0.999794 1
0.999837 1
0 1
0.110304 0
0.970518 0
0.999676 1
0.996017 1
0.9999 1
0.999747 1
0.997097 0
0.36049 0
0.999715 1
0.999841 1
0 1
0.99951 0
0.999893 1
0.715351 0
0.99977 1
0.999746 1
0.999873 1
0.999506 1
0.999705 1
0.10057 0
0.99949 1
0.999748 1
0.175286 0
0.999908 1
0.999909 1
0.999836 1
0.999884 1
0.999858 1
0.999807 1
0.999734 1
0.999845 1
0.101666 0
0.999863 1
0.999844 1
0.999879 1
0.999893 1
0.999846 1
0.371433 0
0.91768 0
0.999885 1
0.999744 1
0.968296 0
0.139442 0
0.999533 1
0.999618 1
0.789753 0
0.999809 1
0.999795 1
0.99964 1
0.999767 1
0.999851 1
0.999892 1
0.999881 1
0.189045 0
0.7566 0
0.548543 0
0.299191 0
0.999671 1
0.999694 1
0.998407 1
0.999833 1
0.99972 1
0.998758 1
0.999825 1
0.999786 1
0.99985 1
0.999622 1
0.999877 1
0.999765 1
0.99973 1
0.999664 1
0.999786 1
0 1
0.997846 0
0.998432 0
0.971321 0
0.999565 1
0.999619 1
0.999158 1
0.94184 1
0.999255 1
0.999774 1
0.657265 0
0.999783 1
0.999369 1
0.999819 1
0.999793 1
0.999757 1
0.999735 1
0.99985 1
0.997828 1
0.991852 1
0.999796 1
0 1
0 1
0.995362 0
0.999165 0
0.122778 0
0.999723 1
0.999813 1
0.122453 0
0.237774 0
0.999051 1
0.999807 1
0.999847 1
0.999808 1
0.9997 1
0.999931 1
0.999889 1
0.999525 1
0.9998 1
0.999867 1
0.999842 1
0.999706 1
0.999876 1
0.999902 1
0.999792 1
0.999873 1
0.999664 1
0.904273 0
0.223972 0
0.991708 1
0.999056 1
0.98709 1
0.922224 1
0.999856 1
0.999847 1
0.200978 0
0.999887 1
0.999908 1
0.999832 1
0.99982 1
0.314012 1
0.875561 1
0.999748 1
0.996917 0
0.99979 1
0.999741 1
0.999751 1
0.999752 1
0.999854 1
0.99982 1
0.999765 1
0.999783 1
0 1
0.999677 0
0.956183 0
0.188057 0
0.999856 1
0.999858 1
0.999804 1
0.99981 1
0.999522 1
0.999799 1
0.999828 1
0.99985 1
0.313381 0
0.999751 1
0.989362 1
0.999799 1
0.999912 1
0.999885 1
0.999465 1
0.999861 1
0.999867 1
0.99988 1
0.203571 0
0.999803 1
0.999688 1
0.999752 1
0.999847 1
0.999708 1
0.999758 1
0.999852 1
0.99989 1
0.999862 1
0.999862 1
0.997883 1
0.999864 1
0.322568 0
0.999231 1
0.999385 1
0.999894 1
0.352176 0
0.999703 1
0.999935 1
0.160316 0
0.999888 1
0.999864 1
0.999827 1
0.99987 1
0.999078 0
0.999731 1
0.999226 1
0.999886 1
0.999724 1
0.454545 0
0.990924 1
0.999873 1
0.922945 1
0.999844 1
0.999854 1
0.999909 1
0.999825 1
0.999865 1
0.999906 1
0 1
0 1
0.999749 1
0.123333 1
0.999809 1
0.999919 1
0.763211 0
0.999838 1
0.999852 1
0.999892 1
0.999872 1
0.999846 1
0.999785 1
0.999808 1
0.999881 1
0.99986 1
0.999827 1
0.99993 1
0.991991 1
0.999831 1
0.999893 1
0.976497 0
0.999851 1
0.999593 1
0.999828 1
0.9998 1
0.999892 1
0.978364 0
0.999869 1
0.999806 1
0 1
0.89418 0
0.114221 0
0.937876 0
0.53711 0
0.969858 1
0.9986 1
0.882609 1
0.999779 1
0.997256 1
0.979649 1
0.995979 1
0.999874 1
0.999823 1
0.114041 0
0.999856 1
0.999866 1
0.99983 1
0.167402 0
0.999837 1
0.145338 0
0.999836 1
0.637697 0
0.495519 0
0.999813 1
0.999833 1
0.999769 1
0.99977 1
0.999801 1
0.999718 1
0.999735 1
0.999767 1
0.999902 1
0.999896 1
0.999841 1
0.248755 0
0.40364 0
0.99967 1
0.5443 0
0.999798 1
0.999858 1
0.999695 1
0.999932 1
0.731713 0
0.999895 1
0.999848 1
0.999688 1
0.999653 1
0.99989 1
0.91602 0
0.999436 1
0.999498 1
0.999841 1
0.999933 1
0.916404 0
0.998895 0
0.999092 1
0.999727 1
0.622143 0
0.9998 1
0 1
0.836561 0
0.118846 0
0.997506 0
0.983698 0
0.989078 1
0.998139 1
0.993807 1
0.999661 1
0.999741 1
0.959996 1
0.681816 0
0.999792 1
0.99986 1
0.680742 0
0.999889 1
0.984572 0
0.999752 1
0.999884 1
0.99977 1
0.689095 0
0.999868 1
0.999865 1
0.999818 1
0.997907 1
0.999884 1
0.999858 1
0.887913 1
0.995184 1
0.989838 1
0.996268 1
0.99973 1
0.974491 1
0.99944 1
0.994028 1
0.995986 1
0.999458 1
0.999645 1
0.992417 1
0.989425 1
0.999863 1
0.999059 0
0.99978 1
0.671786 0
0.999839 1
0.99985 1
0.999907 1
0.999835 1
0.999729 1
0.999842 1
0.712265 0
0.249897 0
0.287896 0
0.291949 0
0.221579 0
0.999726 1
0.999801 1
0.999816 1
0.999556 1
0.589797 0
0.93669 0
0.569486 0
0.999856 1
0.999771 1
0.213179 0
0.999894 1
0 1
0.99897 0
0.99985 1
0.999875 1
0.530734 0
0.99982 1
0.999832 1
0.999676 1
0.99989 1
0.999888 1
0.999803 1
0.999925 1
0.999795 1
0.999805 1
0.998889 1
0.999808 1
0.999758 1
0.999816 1
0.999762 1
0.99988 1
0.999638 1
0.999885 1
0.999631 1
0.999767 1
0.999774 1
0.999826 1
0.999821 1
0.999844 1
0.945782 1
0.999615 1
0.999845 1
0.999937 1
0.93519 0
0.999663 1
0.999746 1
0.999896 1
0.998872 0
0.310594 0
0.11165 0
0.94788 0
0.999756 1
0.999789 1
0.7486 0
0.999797 1
0.999716 1
0.999763 1
0.999851 1
0.999881 1
0.246228 0
0.521061 0
0.99816 0
0.999064 0
0.997524 1
0.999527 1
0.999475 1
0.999626 1
0.999489 1
0.999889 1
0.999587 1
0.999846 1
0.99983 1
0.999823 1
0.536537 0
0.999762 1
0.48442 0
0.175958 0
0.999796 1
0.126567 0
0.913116 0
0.999917 1
0.999576 1
0.999717 1
0.998387 1
0.999508 1
0.999693 1
0.999657 1
0.999861 1
0.999845 1
0.999831 1
0.99982 1
0.140107 0
0.999801 1
0.305402 0
0.102861 0
0.999853 1
0.397432 0
0.765403 0
0.990508 1
0.974597 1
0.999427 1
0.969689 1
0.706706 0
0.999287 1
0.999299 1
0.999764 1
0.999911 1
0 1
0.138082 0
0.999379 0
0.999823 1
0.999547 1
0.999801 1
0.999774 1
0.112343 0
0.999813 1
0.999915 1
0.999707 1
0.99954 1
0.999824 1
0.99977 1
0 1
0.999638 1
0.999651 1
0.601175 0
0.999719 1
0.999676 1
0.999803 1
0.999904 1
0 1
0.979239 0
0.999885 1
0.999668 1
0.999881 1
0.999714 1
0.999829 1
0.9999 1
0.999817 1
0.623434 1
0.116822 0
0.999283 1
0.999802 1
0.997225 1
0.999851 1
0.995911 0
0.999728 1
0.99971 1
0.999801 1
0.999763 1
0.983612 0
0.999771 1
0.999784 1
0.999304 1
0.99927 1
0.999798 1
0.99988 1
0.999503 1
0.999878 1
0.668448 0
0.818758 0
0.999886 1
0.886289 0
0.973954 1
0.999766 1
0.990795 1
0 1
0.825307 0
0.994012 0
0.998845 1
0.99976 1
0.999721 1
0.999369 1
0.999703 1
0.999795 1
0.999868 1
0.999885 1
0.955281 0
0.999813 1
0.999356 1
0.993614 1
0.999871 1
0.999842 1
0.999699 1
0.995896 0
0.999791 1
0.999866 1
0.610898 0
0.965123 0
0.993282 0
0.999556 1
0.999808 1
0.999476 1
0.999865 1
0.999824 1
0.999739 1
0.99987 1
0.167852 0
0.996464 0
0.22338 0
0.999717 1
0.99984 1
0.998795 1
0.740718 1
0.991372 1
0.367359 0
0.999821 1
0 1
0 1
0.969857 0
0.856073 0
0.320699 0
0.999797 1
0.669528 1
0.999783 1
0.999703 1
0.999801 1
0.999869 1
0.999101 0
0.99989 1
0.999708 1
0.999856 1
0.397553 0
0.999906 1
0.169253 0
0.999916 1
0.453116 0
0.120958 0
0.255226 0
0.999804 1
0.999485 1
0.999684 1
0.999301 1
0.999428 1
0.999724 1
0.999672 1
0.999631 1
0.999883 1
0.999885 1
0.999734 1
0.999696 1
0.999767 1
0.999868 1
0.999856 1
0.999796 1
0.999825 1
0 1
0 1
0 1
0.138087 0
0.684233 0
0.999716 1
0 1
0 1
0.84478 0
0.570287 0
0.999614 1
0.999863 1
0 1
0.172312 0
0.999825 1
0.999526 1
0.999835 1
0.999866 1
0.99831 1
0.999855 1
0.999818 1
0.999795 1
0 1
0 1
0 1
0 1
0 1
0 1
0 1
0.983181 0
0.435214 0
0.695227 0
0.296649 0
0.783219 0
0.989934 0
0.228117 0
0.853693 1
0.804134 1
0.999656 1
0.839215 0
0.625104 0
0.729637 0
0.999821 1
0.999738 1
0.999771 1
0.999871 1
0.732222 0
0.999716 1
0.999452 1
0.999914 1
0.99987 1
0.999804 1
0.999849 1
0.402172 0
0.994191 1
0.999694 1
0.99964 1
0.999864 1
0 1
0.999825 1
0.999621 1
0.999761 1
0.567727 0
0.999732 1
0.999631 1
0.998627 1
0.999144 1
0.999877 1
0.999857 1
0 1
0.991627 0
0.142966 0
0.395102 0
0.123667 0
0.754546 0
0.994991 1
0.999064 1
0.999671 1
0.999488 1
0.999766 1
0.99972 1
0.999909 1
0.999813 1
0.999843 1
0.999853 1
0.999867 1
0.996502 0
0.181406 0
0.999892 1
0.999791 1
0.999648 1
0.999905 1
0.99988 1
0.999762 1
0.999616 1
0.995369 1
0.9997 1
0.374096 0
0.999096 1
0.999831 1
0.645301 0
0.999877 1
0 1
0.999661 1
0.999715 1
0.999881 1
0.135404 0
0.999898 1
0.999812 1
0.999854 1
0.999896 1
0.999418 0
0.999499 1
0.164032 0
0.792778 0
0.778001 0
0.999861 1
0.999845 1
0.999811 1
0.998205 1
0.999719 1
0.995203 0
0.999864 1
0.999838 1
0.999826 1
0.999858 1
0.999895 1
0.776031 0
0.999899 1
0.999703 1
0.999789 1
0.999852 1
0.999552 1
0.999835 1
0.999885 1
0 1
0.19967 0
0.418132 0
0.996437 0
0.999368 1
0.991998 1
0.999815 1
0.999664 1
0.999797 1
0.999821 1
0.999552 1
0.999769 1
0 1
0 1
0.999852 1
0.999882 1
0.999915 1
0.988157 0
0.999746 1
0.98873 1
0.99989 1
0.999851 1
0.999722 1
0.99978 1
0.999908 1
0.103271 0
0.999831 1
0.999896 1
0.999908 1
0.999823 1
0.999853 1
0.891808 0
0.999906 1
0.999869 1
0 1
0.99798 0
0.841584 0
0.999561 1
0.999033 1
0.995118 1
0.999573 1
0.999849 1
0.115668 0
0.999756 1
0.999776 1
0.999853 1
0.999766 1
0.999816 1
0 1
0.96352 0
0.916438 0
0.999773 1
0.997858 1
0.999652 1
0.994481 1
0.999441 1
0.999913 1
0.999546 1
0.999803 1
0.999852 1
0.432485 0
0.999864 1
0.999848 1
0.999838 1
0.999799 1
0.999877 1
0.999832 1
0.704657 0
0.999843 1
0.999848 1
0.999794 1
0.999803 1
0.999847 1
0.999759 1
0.974752 0
0.999733 1
0.99981 1
0.999835 1
0.206977 0
0.999822 1
0.999829 1
0.998521 1
0.991508 1
0.999802 1
0.936271 0
0.999795 1
0.999642 1
0.998143 1
0.999879 1
0.999492 1
0.99981 1
0.999861 1
0.99983 1
0 1
0.999896 1
0.999761 1
0.362173 0
0.395039 0
0.999742 1
0.999411 1
0.820174 0
0.788454 0
0.969072 0
0.999815 1
0.999833 1
0 1
0 1
0 1
0.993054 0
0.960263 0
0.997648 0
0.975163 0
0.997171 0
0.988485 1
0.998413 1
0.998642 1
0.997889 1
0.999655 1
0.999476 1
0.999146 1
0.973254 1
0.999634 1
0.99969 1
0.138916 0
0.99986 1
0.999768 1
0.999848 1
0.999596 1
0.999711 1
0.661212 0
0.949162 0
0.822061 0
0.79827 0
0.999432 1
0.999866 1
0.999677 1
0.999874 1
0.999866 1
0.999789 1
0.47899 0
0.999506 1
0.999581 1
0.999807 1
0.999851 1
0.979492 1
0.999762 1
0.999647 1
0.158781 0
0.999872 1
0 1
0.994328 0
0.999197 1
0.999787 1
0.999827 1
0.9999 1
0.999915 1
0.999893 1
0.999867 1
0.999813 1
0.999875 1
0.999884 1
0.999845 1
0.999871 1
0.999839 1
0.999882 1
0.999815 1
0.999811 1
0.999778 1
0.999778 1
0.975784 1
0.999826 1
0 1
0.998227 0
0.999888 1
0 1
0 1
0.323682 0
0.629277 0
0.999527 1
0.998547 1
0.999808 1
0.999865 1
0.999794 1
0 1
0 1
0.763591 0
0.997554 0
0.586563 0
0.566798 0
0.999429 1
0.999669 1
0.999579 1
0.999491 1
0.999656 1
0.999581 1
0.998947 1
0.999171 1
0.999681 1
0.999645 1
0.999646 1
0.999524 1
0.661057 0
0.204587 0
0.728415 0
0.930647 0
0.99986 1
0.999723 1
0.999643 1
0.999795 1
0.997654 1
0.269422 0
0.999836 1
0.999798 1
0.999809 1
0.990926 1
0.777093 1
0.999437 1
0.154104 0
0.451875 0
0.99795 1
0.999687 1
0.999642 1
0.999666 1
0.999712 1
0.999617 1
0.999813 1
0.999749 1
0.999735 1
0.999876 1
0.235357 0
0.999732 1
0.999811 1
0.999824 1
0.999815 1
0.999803 1
0.735882 0
0.284479 0
0.124997 0
0.999854 1
0.998414 1
0.999799 1
0.999693 1
0.999811 1
0.999802 1
0.999812 1
0.999825 1
0.366087 0
0.999851 1
0.999153 1
0.999653 1
0.998673 1
0.999728 1
0 1
0.974415 0
0.601382 0
0.908652 0
0.998185 0
0.999414 1
0.99973 1
0.998866 1
0.999738 1
0.998843 1
0.999395 1
0.191781 0
0.898816 0
0.999684 1
0.999663 1
0.99989 1
0.99991 1
0.999847 1
0.756881 0
0.994152 0
0.770047 0
0.999809 1
0.999847 1
0.999858 1
0.999736 1
0.99942 1
0.999607 1
0.995167 0
0.999705 1
0.999395 1
0.999796 1
0.999798 1
0.999901 1
0.999862 1
0.999736 1
0.999874 1
0.999834 1
0.999868 1
0.999659 1
0.983154 0
0.857635 0
0.415208 0
0.2496 0
0.999054 1
0.998272 1
0.99982 1
0.926627 0
0.999778 1
0 1
0.998319 0
0.635971 0
0.999876 1
0.198437 0
0.99983 1
0.999798 1
0.999876 1
0.99981 1
0.999789 1
0.999866 1
0.999777 1
0.386985 0
0.999833 1
0.999699 1
0.99981 1
0.999626 1
0.999777 1
0.995248 1
0.999895 1
0 1
0.678485 0
0.999799 1
0.998406 1
0.999783 1
0 1
0.999868 1
0.222505 1
0.999837 1
0.999826 1
0.999874 1
0.999876 1
0.998434 1
0.98223 0
0.967972 0
0.946812 0
0.999861 1
0.99935 1
0.999219 1
0.944122 0
0.999805 1
0.999847 1
0.999772 1
0.999873 1
0.999859 1
0.999887 1
0.99976 1
0.999547 1
0.999821 1
0.999854 1
0.999898 1
0.999859 1
0.999647 1
0.999747 1
0.999735 1
0.999791 1
0.999754 1
0.999838 1
0 1
0.170914 0
0.983612 0
0.994565 1
0.999821 1
0.999843 1
0.999833 1
0.964423 0
0.999878 1
0.998709 1
0.999748 1
0.999677 1
0.349008 0
0.999769 1
0.999828 1
0.999888 1
0.999754 1
0.999858 1
0.999857 1
0.999795 1
0.999729 1
0.930552 0
0.830523 0
0.774314 0
0.239728 0
0.999854 1
0.999859 1
0.999742 1
0.999865 1
0.999759 1
0.999868 1
0.99987 1
0.237931 0
0.999848 1
0.999705 1
0.999913 1
0.9964 0
0.999694 1
0.999776 1
0.999729 1
0.116682 0
0.999847 1
0.879425 0
0.998843 1
0.999798 1
0.997996 1
0.999835 1
0.999902 1
0.99989 1
0.999848 1
0.999824 1
0.999747 1
0.993794 0
0.99989 1
0.999823 1
0.999847 1
0.999795 1
0.993748 0
0.999942 1
0 1
0.971503 0
0.999763 1
0.999874 1
0.107122 0
0.999856 1
0.999834 1
0.999789 1
0.999805 1
0 1
0 1
0 1
0.999599 1
0.999295 1
0.838569 1
0.999599 1
0.997955 1
0.999415 1
0.999848 1
0.999728 1
0.175127 0
0.999725 1
0.999741 1
0.999722 1
0.999727 1
0.999871 1
0.995744 0
0.99987 1
0.998769 1
0.940178 1
0.998953 1
0.999862 1
0.999482 1
0.999802 1
0.999819 1
0.999831 1
0.999668 1
0.259608 0
0.99975 1
0.99959 1
0 1
0.999817 1
0.999771 1
0.999865 1
0.999776 1
0.147508 0
0.998897 1
0.999763 1
0.941976 0
0.149278 0
0.999751 1
0.999288 1
0.999845 1
0.999825 1
0.999908 1
0.999822 1
0.999851 1
0.158948 0
0.997943 0
0.999845 1
0.999335 1
0.999911 1
0.999902 1
0 1
0.594542 0
0.976293 0
0.999842 1
0.999307 1
0.999859 1
0.951407 1
0.999323 1
0.99979 1
0.999815 1
0.999782 1
0.999792 1
0.999757 1
0.999782 1
0.999723 1
0.999871 1
0.999905 1
0.9998 1
0.99975 1
0.999854 1
0.999365 1
0.999729 1
0.999725 1
0.999814 1
0.999672 1
0.999734 1
0.993611 0
0.229762 0
0.113268 0
0.968367 0
0.998374 1
0.998766 1
0.999674 1
0.999742 1
0.14586 0
0.840017 0
0.999755 1
0.999859 1
0.999918 1
0.99994 1
0.999746 1
0.99979 1
0.999841 1
0.99981 1
0.703407 0
0.485553 0
0.99945 1
0.999862 1
0.999851 1
0.999903 1
0.494342 0
0.747593 0
0.999792 1
0.999811 1
0.999565 1
0.999604 1
0.999702 1
0.997205 1
0.999797 1
0.996747 1
0.999886 1
0.99982 1
0.9998 1
0.999861 1
0.999845 1
0 1
0.997598 0
0.999804 1
0.998739 1
0.999718 1
0.999883 1
0.147434 0
0.999752 1
0.21113 0
0.999894 1
0 1
0 1
0.997456 0
0.940086 0
0.481599 0
0.982452 0
0.996505 1
0.999469 1
0.997924 1
0.999676 1
0.998961 1
0.999733 1
0.99953 1
0.995749 1
0.999774 1
0.999846 1
0.999823 1
0.999761 1
0.999898 1
0.999816 1
0.999514 1
0.999801 1
0 1
0.989955 0
0.999031 0
0.999829 1
0.999528 1
0.99972 1
0.999773 1
0.999734 1
0.999702 1
0.323431 0
0.999469 1
0.998593 1
0.998955 1
0.999828 1
0 1
0.995212 0
0.999413 1
0.999526 1
0.996795 1
0.96002 0
0.319417 0
0.996516 1
0.99979 1
0.999688 1
0.99976 1
0.995438 1
0 1
0.465965 0
0.999765 0
0.999791 1
0.999779 1
0.52113 0
0.114862 0
0.809246 0
0.966617 1
0.335292 1
0.999654 1
0.767659 1
0.999546 1
0.99985 1
0.454329 0
0.999766 1
0 1
0.998762 0
0.998671 1
0.999763 1
0.99964 1
0.999212 1
0.999823 1
0.999655 1
0 1
0.597838 0
0.999853 1
0.999677 1
0.999476 1
0.966135 1
0.984989 1
0.999566 1
0.999854 1
0.999766 1
0.999651 1
0.999717 1
0.999537 1
0.999829 1
0.151385 0
0.999637 1
0.999847 1
0.999813 1
0.726443 0
0.999865 1
0.999884 1
0.999701 1
0.999819 1
0.999767 1
0.999322 1
0.99987 1
0.999795 1
0.117513 0
0.999812 1
0.999764 1
0.979058 0
0.999463 1
0.99926 1
0.816532 0
0.999805 1
0.999766 1
0.999823 1
0.99988 1
0.999874 1
0.999828 1
0.999671 1
0.999878 1
0.99987 1
0.999842 1
0.999686 1
0.999673 1
0.999639 1
0.999751 1
0.241986 0
0.999862 1
0.999455 1
0.999803 1
0.999473 1
0.218753 0
0.999092 0
0.999691 1
0.999479 1
0.999832 1
0.999901 1
0.999341 1
0.999516 1
0.999786 1
0.999864 1
0.999872 1
0.999833 1
0.491683 0
0.999898 1
0.99935 1
0.998669 1
0.996005 1
0.99735 1
0.999858 1
0.999769 1
0.999829 1
0.999863 1
0.999821 1
0.903242 0
0.999814 1
0.999417 1
0.999792 1
0.993084 1
0.999718 1
0.999597 1
0.999815 1
0.999787 1
0.999891 1
0.288653 0
0.999466 1
0.999686 1
0.999623 1
0.99969 1
0.98647 1
0.999868 1
0.997747 1
0.999357 1
0.999735 1
0.213464 0
0.999801 1
0.999758 1
0.999755 1
0.99981 1
0.999867 1
0 1
0 1
0.999889 1
0.969598 1
0.999739 1
0.999809 1
0.999894 1
0.99307 1
0.999794 1
0.894742 1
0.99032 1
0.746811 1
0.99925 1
0.999679 1
0 1
0.756874 0
0.989275 0
0.999761 1
0.292092 0
0.999833 1
0.999811 1
0.999026 1
0.999898 1
0.999858 1
0.704032 0
0.999776 1
0.999836 1
0.999806 1
0.999833 1
0.214356 0
0.21629 0
0.998622 0
0.996725 1
0.999882 1
0.999689 1
0.64249 0
0.91908 1
0.999909 1
0.588415 1
0.483214 0
0.99984 1
0.842969 0
0.241134 0
0.999602 1
0.999812 1
0.999789 1
0.999731 1
0.999628 1
0.99984 1
0.889643 0
0.735331 0
0.998516 0
0.991098 1
0.998029 1
0.999756 1
0.998728 1
0.999658 1
0.999466 1
0.998823 1
0.999775 1
0 1
0.996078 0
0.995408 1
0.999633 1
0.926799 0
0.999692 1
0.874514 0
0.999842 1
0.999663 1
0.999851 1
0.999815 1
0.999794 1
0.999846 1
0.999771 1
0.999629 1
0.999906 1
0.999877 1
0.999865 1
0.999831 1
0.994048 1
0.999659 1
0.999439 1
0.998965 1
0.976504 1
0 1
0.171999 0
0.501955 0
0.950399 0
0.998383 0
0.827767 0
0.979778 1
0.995155 1
0.999284 1
0.999799 1
0.998706 1
0.998424 1
0.999814 1
0.999892 1
0.999745 1
0.999829 1
0.914321 0
0.999916 1
0.999831 1
0.999764 1
0.121482 0
0.999457 1
0.999749 1
0.99923 1
0.999806 1
0.999826 1
0 1
0.720162 0
0.999815 1
0.99966 1
0.374392 0
0.999193 1
0.999845 1
0.999807 1
0.999799 1
0.999844 1
0.999819 1
0.978808 0
0.99984 1
0.999866 1
0 1
0 1
0 1
0 1
0 1
0 1
0 1
0 1
0 1
0.340699 0
0.885588 0
0.976577 1
0.956989 1
0.99967 1
0.999706 1
0.921172 1
0.940861 1
0.999854 1
0.999717 1
0 1
0.976464 0
0.530317 0
0.977486 0
0.999827 1
0.999852 1
0.999882 1
0.999819 1
0.282185 0
0.999822 1
0.999784 1
0.999721 1
0.999861 1
0.999889 1
0.999839 1
0.999826 1
0.999806 1
0.999601 1
0.998978 1
0.999723 1
0.999537 1
0.291294 0
0.999529 1
0.999851 1
0.862076 0
0.906102 0
0.450392 0
0.134206 0
0.999884 1
0.999877 1
0.999836 1
0.999829 1
0.999724 1
0.999803 1
0.888074 1
0.996448 1
0.999794 1
0.997753 0
0.999753 1
0.999819 1
0.844884 0
0.14277 0
0.999743 1
0.999608 1
0.999131 1
0.999781 1
0.999715 1
0.999816 1
0.99982 1
0.999858 1
0.999779 1
0.999803 1
0.999691 1
0.999821 1
0.131697 1
0.999739 1
0.999727 1
0.999892 1
0.999783 1
0.999826 1
0.992789 0
0.999675 1
0.999827 1
0.999743 1
0.999904 1
0.999795 1
0.999828 1
0.992867 0
0.999766 1
0.999835 1
0.999863 1
0.999864 1
0.99988 1
0.999836 1
0.999903 1
0.220271 0
0.111161 0
0.993572 1
0.99976 1
0.99859 1
0 1
0.990059 0
0.576473 0
0.996563 1
0.995358 1
0.999836 1
0.985927 1
0.98057 1
0.99819 1
0.995502 1
0.794935 0
0.999825 1
0.998543 1
0.764426 0
0.999907 1
0.999875 1
0.955244 1
0.98158 1
0.999689 1
0.999696 1
0.995402 1
0.997479 0
0.999888 1
0.999811 1
0.999859 1
0.99988 1
0.997083 0
0.999685 1
0.99974 1
0.9999 1
0.999781 1
0.999921 1
0.999742 1
0.999572 1
0.999644 1
0.998253 1
0.984328 0
0.999842 1
0.999834 1
0.999851 1
0.999752 1
0 1
0.999861 1
0.999831 1
0.999862 1
0.554463 0
0.999882 1
0.993948 0
0.999784 1
0.999707 1
0.999726 1
0.999657 1
0.999555 1
0.999743 1
0.999691 1
0.999765 1
0.662622 0
0.413021 0
0.999861 1
0.99985 1
0.99985 1
0.999607 1
0.553802 0
0.999823 1
0 1
0 1
0 1
0 1
0 1
0 1
0.999191 0
0.998782 0
0.796507 0
0.820455 0
0.999507 0
0.424048 0
0.999783 1
0.999562 1
0.999779 1
0.999828 1
0.999919 1
0.999618 1
0 1
0.999766 1
0.99983 1
0.154698 0
0.103944 0
0.397388 0
0.999869 1
0.999874 1
0.999814 1
0.996974 1
0.991466 1
0.999418 1
0.9855 1
0.999908 1
0.185293 0
0.669055 0
0.999877 1
0.999735 1
0.999824 1
0.999663 1
0.999582 1
0.999838 1
0.999891 1
0 1
0.997761 0
0.999778 1
0.999785 1
0.999894 1
0.999783 1
0.999787 1
0.999787 1
0.99969 1
0.999602 1
0.993082 1
0.999897 1
0.999843 1
0.977396 0
0.999881 1
0.999823 1
0.99977 1
0.999817 1
0.999852 1
0.999878 1
0.999829 1
0.999887 1
0.999765 1
0.999696 1
0.99979 1
0.999426 1
0.994877 1
0.999275 1
0.999726 1
0.988069 1
0.999804 1
0.999585 1
0.991798 1
0.999846 1
0.816812 1
0.999657 1
0.99988 1
0 1
0 1
0 1
0 1
0 1
0.244187 0
0.977269 0
0.710587 0
0.774631 1
0.804673 1
0.931116 1
0.941464 1
0.874558 1
0.999601 1
0 1
0 1
0.987995 1
0.999479 1
0.999819 1
0.999867 1
0.999833 1
0.173418 0
0.999849 1
0 1
0 1
0.809327 0
0.619298 0
0.846961 0
0.115474 0
0.997769 1
0.962792 1
0.999132 1
0.934778 1
0.859782 1
0.977234 1
0.989406 1
0.959666 1
0.999671 1
0.999047 1
0.999469 1
0.999712 1
0.993537 1
0.999811 1
0.100871 0
0.155478 0
0.999893 1
0.806665 0
0.999015 1
0.999769 1
0.400855 0
0.999709 1
0.998256 1
0.999426 1
0.385991 0
0.866806 0
0.154909 0
0.157483 0
0.965015 1
0.999721 1
0.999867 1
0.345249 0
0.759643 1
0.999772 1
0.999901 1
0.999815 1
0.999826 1
0.201462 0
0.999888 1
0.178293 0
0.151932 0
0.999756 1
0.999837 1
0.176733 0
0.99989 1
0.999898 1
0 1
0.268535 0
0.998933 1
0.999857 1
0.471062 1
0.981635 1
0.99981 1
0.99588 1
0.999867 1
0.109362 0
0.114276 0
0.999863 1
0.99985 1
0.999857 1
0.993067 0
0.999881 1
0.99975 1
0.999779 1
0.998771 1
0.999858 1
0.998625 1
0.998835 1
0.999803 1
0.998473 1
0.999758 1
0.423418 0
0.999704 1
0.99989 1
0.999747 1
0.999795 1
0.9998 1
0.999811 1
0 1
0.325709 0
0.99939 0
0.999808 1
0 1
0.782515 0
0.997158 0
0.999685 1
0.705814 0
0.999043 1
0.999316 1
0.999596 1
0.999405 1
0.999727 1
0.999785 1
0 1
0.907748 0
0.975079 0
0.701984 0
0.95894 1
0.999766 1
0.891519 1
0.999109 1
0.999457 1
0 1
0.99284 0
0.465473 0
0.985875 0
0.617367 0
0.999835 1
0.999796 1
0.999885 1
0.40795 0
0.530938 0
0.980861 0
0.801958 1
0.157304 1
0.999816 1
0.142263 0
0.999777 1
0.587689 0
0.99981 1
0.999825 1
0.999851 1
0.999819 1
0.996811 1
0.999859 1
0 1
0 1
0.995325 0
0.99965 1
0.999553 1
0.999885 1
0.999813 1
0.999758 1
0.229849 0
0.999876 1
0.999767 1
0.999772 1
0.999815 1
0.99976 1
0.999868 1
0.99965 1
0.999823 1
0.999892 1
0.931692 0
0.999622 1
0.999652 1
0.999868 1
0.999857 1
0.999762 1
0.994469 0
0.999561 1
0.999714 1
0.269339 0
0.999792 1
0 1
0 1
0.997469 0
0.998299 1
0.992124 1
0.999811 1
0.999522 1
0.999767 1
0.999744 1
0.999867 1
0.999809 1
0.999826 1
0.999821 1
0.999318 1
0.999496 1
0.99982 1
0.999711 1
0.99983 1
0.999828 1
0 1
0.990875 0
0.999832 1
0.999824 1
0 1
0.998731 0
0.999699 1
0 1
0.999254 0
0.999717 1
0.778339 0
0.999803 1
0.999852 1
0.377161 0
0.860143 0
0.196123 0
0.999771 1
0.999814 1
0.999712 1
0.797266 0
0.99982 1
0.141679 0
0.999878 1
0.999905 1
0.999868 1
0.999799 1
0.52038 0
0.999592 1
0.999679 1
0.99952 1
0.999287 1
0.917443 0
0.999825 1
0.998415 1
0.999706 1
0.999862 1
0 1
0.993734 0
0.976957 0
0.9998 1
0.999827 1
0.999865 1
0 1
0.939987 0
0.983862 1
0.99986 1
0.99433 1
0.998512 1
0.999776 1
0.632556 0
0.999874 1
0.999669 1
0.999589 1
0.999804 1
0.999812 1
0.999807 1
0.999769 1
0.9997 1
0.999856 1
0.997634 0
0.334815 0
0.437796 0
0.999897 1
0.999127 1
0.991359 1
0.998767 1
0.999035 1
0.115599 0
0.146823 0
0.999897 1
0.697084 0
0.999903 1
0.174485 0
0.10125 0
0.999788 1
0.999832 1
0.901923 0
0.999875 1
0.999761 1
0.999801 1
0.992357 0
0.388203 0
0.999797 1
0.998807 1
0.999735 1
0.999553 1
0.597109 0
0.999861 1
0.999803 1
0.634818 0
0.99981 1
0.999823 1
0.999898 1
0.999629 1
0.999751 1
0.999861 1
0.999816 1
0.999803 1
0.999805 1
0.999891 1
0.881364 0
0.961775 0
0.99972 1
0.99862 1
0.999799 1
0.999783 1
0.999857 1
0.999733 1
0.999835 1
0.999758 1
0.309436 0
0.956526 1
0.999764 1
0 1
0.999714 1
0.525364 1
0.999889 1
0.999818 1
0.999794 1
0.999869 1
0.924309 0
0.996479 1
0.999676 1
0.992305 1
0.995603 1
0.920952 1
0.996559 1
0.997406 1
0.996703 1
0.994874 1
0 1
0 1
0.999862 1
0.999832 1
0.999617 1
0.999752 1
0.999589 1
0.999868 1
0 1
0.954771 0
0.999269 0
0.214862 0
0.999764 1
0.999686 1
0.999609 1
0.158052 0
0.999852 1
0.999789 1
0.999808 1
0.234483 0
0.569916 0
0.999772 1
0.999799 1
0.999818 1
0.883297 0
0.245652 0
0.999722 1
0.999677 1
0.99739 1
0.999875 1
0.999793 1
0.999773 1
0 1
0.904676 0
0.999742 1
0.999822 1
0.999855 1
0.999878 1
0 1
0.999446 0
0.999881 1
0.999745 1
0.999881 1
0.465657 0
0.999859 1
0.999645 1
0.999808 1
0.999727 1
0.999799 1
0.997319 0
0.593363 0
0.996344 0
0.999821 1
0 1
0 1
0 1
0 1
0.997442 0
0.986941 0
0.948736 0
0.99934 0
0.914623 0
0.999776 1
0.999801 1
0.9998 1
0.999813 1
0.999811 1
0.999798 1
0.570562 0
0.999842 1
0.999765 1
0.999856 1
0.374391 0
0.999768 1
0.999527 1
0.999827 1
0.999369 1
0.999728 1
0.999792 1
0.999887 1
0.999801 1
0 1
0.19149 0
0.985855 0
0.118389 0
0.999776 1
0.999899 1
0.999719 1
0.999766 1
0.999662 1
0.999553 1
0.288211 0
0.999528 1
0.999882 1
0.998447 1
0.999453 1
0.999852 1
0.999597 1
0.999773 1
0.153859 0
0.720564 0
0.955078 0
0.999809 1
0.999825 1
0.99972 1
0.999746 1
0.999693 1
0.999864 1
0.156394 1
0.999845 1
0.999882 1
0.999895 1
0.999752 1
0.999708 1
0.999622 1
0 1
0.999641 1
0.99978 1
0.99981 1
0.999873 1
0.771298 0
0.999088 1
0.99143 1
0.123708 0
0.999915 1
0.99977 1
0.999814 1
0.999865 1
0.999738 1
0.60973 0
0.999853 1
0.99983 1
0.99975 1
0.999834 1
0.999729 1
0.999824 1
0.999835 1
0.999543 1
0.999669 1
0.999764 1
0.999751 1
0.999861 1
0.99508 1
0.999683 1
0.999824 1
0.999841 1
0.999842 1
0.999874 1
0.132418 0
0.999779 1
0.940259 0
0.999846 1
0.999852 1
0.999792 1
0.999754 1
0.271008 0
0.998226 1
0.999691 1
0.997214 1
0.992932 1
0.999653 1
0.999605 1
0.999823 1
0 1
0.999036 0
0.991598 0
0.999049 1
0.999781 1
0.999751 1
0.999701 1
0.999711 1
0.446586 0
0.999814 1
0.999866 1
0.999856 1
0.999627 1
0.999662 1
0.999765 1
0.999839 1
0.999736 1
0.999716 1
0.999775 1
0.99985 1
0.109078 0
0.999814 1
0.99983 1
0.999681 1
0.973622 0
0.53521 0
0.998992 0
0.893224 0
0.998667 1
0.999588 1
0.999519 1
0.999807 1
0.713442 0
0.824923 0
0.999867 1
0.99987 1
0.999826 1
0.999768 1
0 1
0.36119 0
0.141559 0
0.970217 0
0.998993 1
0.99977 1
0.999713 1
0.99981 1
0.999893 1
0.999711 1
0.999795 1
0.999624 1
0.175632 0
0.41542 0
0.999625 1
0.999386 1
0.999579 1
0.999452 1
0.99961 1
0.999482 1
0.999044 1
0.999358 1
0.999582 1
0.999517 1
0.999783 1
0.999582 1
0.999506 1
0.999562 1
0.999676 1
0.994752 0
0.999851 1
0.999743 1
0.999581 1
0.999847 1
0.999418 1
0.999778 1
0.999914 1
0.999927 1
0.999888 1
0.99982 1
0.999821 1
0.999781 1
0.999661 1
0.999782 1
0.999833 1
0 1
0.999832 1
0.999666 1
0.99968 1
0.588071 0
0.999639 1
0.467717 0
0.999849 1
0.999888 1
0.999823 1
0.999817 1
0.976946 0
0.99985 1
0.999627 1
0.999766 1
0.296784 0
0.559938 0
0.997813 1
0.978587 1
0.99969 1
0.986089 1
0.999873 1
0.168876 0
0.18195 0
0.999749 1
0 1
0.165981 0
0.489323 0
0.816955 0
0.999815 1
0.999717 1
0.999198 1
0.999383 1
0.999774 1
0.999597 1
0.919645 1
0.998681 1
0.999845 1
0.999756 1
0.999761 1
0.111228 0
0.922978 0
0.999881 1
0.997942 0
0.99886 0
0.238 0
0.999679 1
0.999731 1
0.998385 0
0.705927 0
0.993839 0
0.999644 1
0.999547 1
0.99989 1
0 1
0.999297 0
0.999792 1
0.975628 1
0.350206 0
0.99975 1
0.999759 1
0 1
0.836324 0
0.999808 1
0.997285 1
0 1
0 1
0 1
0.784914 0
0.999691 1
0.998624 1
0.999415 1
0.999832 1
0.999839 1
0 1
0 1
0 1
0.996705 0
0.155875 0
0.975791 0
0.993842 0
0.993137 1
0.99813 1
0.980081 1
0.993666 1
0.999675 1
0.998686 1
0.996552 1
0.999793 1
0.999859 1
0.999015 1
0.999791 1
0.978165 0
0.935162 0
0.199524 0
0.999728 1
0.999127 1
0.999729 1
0.999812 1
0.999744 1
0.999854 1
0.598785 0
0.999896 1
0 1
0.973409 0
0.138905 0
0.999943 1
0.999429 1
0.99801 0
0.999843 1
0.999881 1
0.999423 1
0 1
0 1
0 1
0 1
0.577267 0
0.999771 1
0.999818 1
0.999836 1
0.999876 1
0.99989 1
0.99986 1
0.999915 1
0.124782 0
0.999199 0
0.999765 1
0.999823 1
0.999512 0
0.999668 1
0.999609 1
0.999928 1
0.999778 1
0.999698 1
0.999749 1
0.999841 1
0.999867 1
0.999504 1
0.959896 0
0.99975 1
0.999638 1
0.997042 1
0.989685 1
0.999893 1
0.999572 1
0.999758 1
0.99797 1
0.927971 1
0.999642 1
0.998566 1
0.999787 1
0.999859 1
0.999876 1
0.999923 1
0.137953 0
0.999811 1
0.998802 1
0.289354 0
0.999002 1
0.999618 1
0.833466 0
0.133496 0
0.553677 0
0.977844 1
0.999822 1
0.999801 1
0.999776 1
0.999698 1
0.999856 1
0.9998 1
0.999899 1
0 1
0.999411 0
0.987705 0
0.999504 1
0.999843 1
0.999886 1
0.99983 1
0.999806 1
0.384063 0
0.999724 1
0.999821 1
0.569678 0
0.999826 1
0.999047 1
0.999743 1
0.999676 1
0.104321 0
0.9997 1
0.999751 1
0.999798 1
0.999874 1
0.998877 1
0.99986 1
0.999891 1
0.999862 1
0.999884 1
0.999839 1
0.999659 1
0.999721 1
0.999892 1
0.999912 1
0.999827 1
0.954344 0
0.109793 0
0.999743 1
0.994425 1
0.999761 1
0.936045 0
0.999836 1
0.999545 1
0.999778 1
0.999729 1
0 1
0.976462 0
0.999868 1
0.999878 1
0.999667 1
0.999704 1
0.999864 1
0.999883 1
0.999745 1
0.578742 0
0.999844 1
0.999742 1
0.999829 1
0.999773 1
0.900613 0
0.999124 1
0.999869 1
0.999868 1
0.390878 0
0.673653 0
0.996154 0
0.164192 0
0.644505 0
0.999523 1
0.999736 1
0.999491 1
0.999518 1
0.999774 1
0.999475 1
0.999877 1
0.145279 0
0.999881 1
0.896424 0
0.862638 0
0.411962 0
0.195466 0
0.999717 1
0.995855 1
0.981309 1
0.811126 1
0.999855 1
0.313511 0
0.999745 1
0.999716 1
0 1
0.999378 0
0.999792 1
0.999704 1
0.771675 0
0.998053 1
0.99977 1
0.173111 0
0.997622 1
0.999769 1
0.999867 1
0.99973 1
0.99986 1
0.999836 1
0.99986 1
0.999857 1
0.999713 1
0.999754 1
0 1
0 1
0 1
0 1
0.992973 0
0.993891 0
0.996233 0
0.998368 0
0.578671 0
0.998427 0
0.999718 1
0.999322 1
0.998512 1
0.999011 1
0.999588 1
0.999679 1
0.240969 0
0.999786 1
0.999471 1
0.998167 0
0.999633 1
0.999794 1
0.999746 1
0.418423 0
0.999056 0
0.999572 1
0.999596 1
0.99974 1
0.645444 0
0.999869 1
0.999899 1
0.943163 0
0.999801 1
0.999824 1
0.999838 1
0 1
0 1
0 1
0.709551 0
0.890871 0
0.968168 0
0.837723 0
0.900517 0
0.372292 0
0.940903 1
0.999678 1
0.852491 1
0.999822 1
0.999761 1
0.998775 1
0.999847 1
0.998863 1
0.994433 1
0.982428 0
0.999864 1
0.999712 1
0.999786 1
0.999837 1
0.999619 1
0.999687 1
0.706236 0
0.164084 0
0.999796 1
0.999843 1
0.999697 1
0.940908 1
0.622871 1
0.999906 1
0.967282 1
0.999852 1
0.998299 0
0.999668 1
0.999533 1
0.998956 1
0.999289 1
0.999941 1
0.999854 1
0 1
0 1
0.987184 0
0.754833 0
0.935099 1
0.985557 1
0.964676 1
0.991281 1
0.999632 1
0.993372 1
0.99979 1
0.999871 1
0.642218 0
0.115577 0
0.163215 0
0.999853 1
0.893997 1
0.999738 1
0.838805 0
0.999843 1
0.998804 0
0.999753 1
0.904727 0
0.201497 0
0.999687 1
0.99986 1
0.9896 1
0.732137 1
0.999715 1
0.999856 1
0.291833 0
0.139443 0
0.655792 0
0.180461 0
0.9998 1
0.999809 1
0.999783 1
0 1
0 1
0 1
0.999187 0
0.986691 0
0.987453 0
0.999824 1
0.998314 1
0.999888 1
0.999636 1
0.999773 1
0.793707 0
0.99739 0
0.151927 0
0.999899 1
0.999674 1
0.997571 1
0.997375 1
0 1
0.999055 0
0.9998 1
0.999904 1
0.999785 1
0.999823 1
0.999852 1
0.999876 1
0.999847 1
0.999691 1
0 1
0.872453 0
0.999718 1
0.999664 1
0.999766 1
0.999709 1
0.999795 1
0.999692 1
0 1
0.990647 0
0.999789 1
0.999755 1
0.99983 1
0.999857 1
0 1
0.986792 0
0.998756 1
0.999744 1
0.998932 1
0.999864 1
0.999862 1
0.999839 1
0.999874 1
0.99981 1
0.999817 1
0.999813 1
0.999762 1
0.999815 1
0.999521 1
0.999761 1
0.999875 1
0.999894 1
0.913427 0
0.139736 0
0.999732 1
0.656446 1
0.991222 1
0.999828 1
0.997135 1
0.999807 1
0.99786 1
0.928391 0
0.999903 1
0.738956 0
0.995624 0
0.99988 1
0.99096 1
0.999652 1
0.999631 1
0.999723 1
0.9999 1
0.999841 1
0.999691 1
0.999916 1
0.999775 1
0.999869 1
0.999608 1
0.99925 1
0.969116 1
0.99978 1
0.985024 0
0.976623 0
0.586539 0
0.196172 0
0.999844 1
0.999806 1
0.99985 1
0.985493 0
0.999719 1
0.999737 1
0.99982 1
0.999933 1
0.999871 1
0.999795 1
0.999825 1
0.999861 1
0.999798 1
0.994116 0
0.999889 1
0.240423 0
0.999751 1
0.999878 1
0.999902 1
0.999857 1
0.999859 1
0.999788 1
0.99947 1
0.998278 0
0.999216 0
0.999678 1
0.99966 1
0.999834 1
0.999794 1
0.999561 1
0.999903 1
0.999463 1
0.99971 1
0.998704 1
0.997823 1
0.999159 1
0.999743 1
0.999054 1
0.999533 1
0.999458 1
0.999282 1
0.120216 0
0.999789 1
0.999819 1
0.999829 1
0.999473 1
0.999759 1
0.999838 1
0.99987 1
0.999851 1
0.999859 1
0.999897 1
0.999823 1
0.999646 1
0.999573 1
0.998587 1
0.999911 1
0.99989 1
0.999592 1
0.991319 0
0.421284 0
0.937956 0
0.971264 1
0.999852 1
0.999177 1
0.998823 1
0.997803 1
0.999863 1
0.999241 1
0.999688 1
0.995391 1
0.999788 1
0.999757 1
0.999898 1
0.999911 1
0 1
0.717312 0
0.863797 1
0.999535 1
0.999549 1
0.999788 1
0.997184 1
0.999807 1
0.514617 0
0.139747 0
0.175231 0
0.98846 1
0.999762 1
0.997334 1
0.999255 1
0.997199 1
0.9998 1
0.999835 1
0 1
0.301016 0
0.999764 1
0.999818 1
0.999881 1
0.999903 1
0.18764 0
0.203036 0
0.999821 1
0.22297 0
0.999722 1
0.999852 1
0.999786 1
0.999874 1
0.999609 1
0.391478 0
0.325237 0
0.998857 0
0.714759 0
0.999923 1
0.999819 1
0.104143 0
0.99985 1
0.999894 1
0.999842 1
0.154029 0
0.99613 0
0.994806 1
0.99893 1
0.999711 1
0.976506 1
0 1
0.803627 0
0.822251 0
0.140997 0
0.999788 1
0.999797 1
0.999862 1
0.999861 1
0.999866 1
0.854436 0
0.999863 1
0.999894 1
0.99132 0
0.996491 1
0.995252 1
0.996783 1
0.998251 1
0.999488 1
0.999721 1
0.999893 1
0.999786 1
0.999853 1
0 1
0.995156 0
0.999879 1
0.999631 1
0.99984 1
0.999858 1
0.31399 0
0.347595 0
0.999851 1
0.999842 1
0 1
0 1
0.999884 1
0.999844 1
0 1
0.235765 0
0.142908 0
0.938625 0
0.999832 1
0.999834 1
0.999582 1
0.999806 1
0.999393 1
0.999389 1
0.999849 1
0.999769 1
0.999786 1
0.999732 1
0.999872 1
0.201599 0
0.999907 1
0.999819 1
0.999868 1
0.426606 0
0.999855 1
0.983309 0
0.999834 1
0 1
0.900171 0
0.962742 0
0.481331 0
0.999737 1
0.994541 1
0.999653 1
0.998927 1
0.966765 1
0.985187 1
0.423589 0
0.999904 1
0.999913 1
0.999909 1
0.999864 1
0 1
0.978796 0
0.182128 0
0.561302 0
0.997235 0
0.999294 0
0.73319 0
0.999752 1
0.994495 1
0.99985 1
0.999872 1
0.120624 0
0.986406 1
0.999872 1
0.999855 1
0.999802 1
0.999903 1
0.999833 1
0.994687 0
0.154161 0
0.999795 1
0.99984 1
0 1
0.99651 0
0.999866 1
0.999829 1
0.998664 1
0.330837 0
0.999737 1
0.999882 1
0.983203 1
0.999856 1
0.999559 1
0.999683 1
0.999798 1
0.999753 1
0.999788 1
0.99986 1
0.999809 1
0.999631 1
0.999691 1
0.6972 0
0.999861 1
0.999779 1
0.999844 1
0.999851 1
0.999794 1
0.133981 0
0.955094 0
0.999678 1
0.999597 1
0.999787 1
0.996401 1
0.999435 1
0.999713 1
0.999859 1
0.999849 1
0.999838 1
0.99988 1
0.999863 1
0.999895 1
0.999845 1
0.999838 1
0.999814 1
0.999649 1
0.999832 1
0.999758 1
0.99984 1
0.999811 1
0.999809 1
0.999713 1
0.819943 0
0.999869 1
0.303083 0
0.999889 1
0.999709 1
0.999775 1
0.999575 1
0.999877 1
0.999876 1
0.999678 1
0.998931 1
0.999887 1
0.999855 1
0.999856 1
0.999842 1
0.999758 1
0.531236 0
0.999862 1
0.999711 1
0.999774 1
0.999741 1
0.999831 1
0.999825 1
0 1
0 1
0.996614 0
0.971057 0
0.811446 0
0.10482 0
0.988941 1
0.9998 1
0.966036 1
0.993013 1
0.999183 1
0.999805 1
0.99978 1
0.274298 0
0.396941 0
0.999872 1
0.982086 1
0.999838 1
0.114387 0
0.999801 1
0.999859 1
0.999826 1
0.750914 1
0.999852 1
0.999511 1
0.999819 1
0.241281 0
0.148988 0
0.999593 1
0.999775 1
0.999603 1
0.999713 1
0.221465 0
0.999857 1
0.335318 0
0.694444 0
0.986727 0
0.989852 0
0.940811 0
0.967447 0
0.999588 1
0.999867 1
0.602191 0
0.999828 1
0.999745 1
0.999761 1
0.999846 1
0.999886 1
0.999868 1
0.999734 1
0.164925 0
0.100406 0
0.999843 1
0.514409 0
0.999044 1
0.999853 1
0 1
0.999858 1
0 1
0.99964 0
0.99845 1
0.999721 1
0.974402 1
0 1
0 1
0.482481 0
0.172852 0
0.737807 0
0.477432 0
0.924204 1
0.999707 1
0.118112 0
0.254613 0
0.855207 0
0.999828 1
0.999393 1
0.317116 0
0.999779 1
0.999888 1
0 1
0.679754 0
0.999722 1
0 1
0 1
0 1
0.930885 0
0.998867 0
0.999534 0
0.998736 0
0.414831 0
0.999449 1
0.999793 1
0.999179 1
0.543317 0
0.640827 0
0.999832 1
0.999822 1
0.551139 0
0.999686 1
0.999631 1
0.999785 1
0.988083 1
0.995882 1
0.999797 1
0.999746 1
0.99986 1
0.999889 1
0.999852 1
0.999763 1
0 1
0 1
0.999634 0
0.993692 0
0.999516 1
0.999685 1
0.999005 1
0.999458 1
0.997105 1
0.998113 1
0.999836 1
0.99987 1
0.999662 1
0.160854 0
0.999446 1
0.999808 1
0 1
0.85005 0
0.571544 0
0.338514 0
0.999657 1
0.999913 1
0.213148 0
0.999801 1
0 1
0.797105 0
0.999089 0
0.99968 1
0.999142 1
0.996069 1
0.999665 1
0.989519 1
0.998972 1
0.999737 1
0 1
0.113599 0
0.906099 0
0.999615 1
0.99981 1
0.999923 1
0.999823 1
0.999801 1
0.559847 0
0.999839 1
0.999649 1
0.134047 0
0.999855 1
0.999802 1
0.999805 1
0.999795 1
0.999793 1
0.999284 1
0.999817 1
0 1
0.998379 0
0.999796 1
0.99972 1
0.999881 1
0.999844 1
0.889133 0
0.999879 1
0.999898 1
0.999686 1
0.999865 1
0.999651 1
0.999602 1
0 1
0.15804 0
0.998174 0
0.523977 0
0.999862 1
0.999389 1
0.99929 1
0.999386 1
0.999782 1
0.999904 1
0.999819 1
0 1
0 1
0.108225 0
0.981756 0
0.999732 1
0.991849 1
0.99957 1
0.999735 1
0.999919 1
0.999915 1
0.999856 1
0.999636 1
0.999681 1
0.853071 0
0.313899 0
0.999861 1
0.999861 1
0.999853 1
0.999817 1
0.999844 1
0.944579 0
0.999744 1
0.999864 1
0.999918 1
0.12248 0
0.999848 1
0.99976 1
0.999844 1
0 1
0 1
0.999874 1
0.999743 1
0.99958 1
0.999509 1
0.999799 1
0.969726 0
0.999857 1
0.128232 0
0.99974 1
0.999841 1
0.99988 1
0.958652 0
0.999894 1
0.999681 1
0.999736 1
0.999503 1
0.999779 1
0.999779 1
0.999605 1
0.999738 1
0.999702 1
0.99982 1
0.993824 0
0.107757 0
0.99916 1
0.999716 1
0.102876 0
0.999703 1
0.999855 1
0.99981 1
0.999773 1
0.104391 0
0.999736 1
0.9998 1
0.999629 1
0.999908 1
0.999886 1
0.999511 1
0.999788 1
0.999624 1
0.100889 0
0.999891 1
0.999837 1
0 1
0.789153 0
0.994644 1
0.999814 1
0.999837 1
0.999863 1
0.99976 1
0.763648 0
0.999872 1
0.999743 1
0.999757 1
0.715672 0
0.999784 1
0.999848 1
0.999868 1
0 1
0 1
0.973708 0
0.999359 0
0.999701 1
0.999522 1
0.999257 1
0.999731 1
0.999738 1
0.9998 1
0 1
0.983949 0
0.104453 0
0.106487 0
0.999721 1
0.996003 1
0.998168 1
0.999865 1
0.999863 1
0.999763 1
0.999812 1
0.999806 1
0.999863 1
0.999835 1
0.999867 1
0.999024 1
0.953364 1
0.995249 1
0.999807 1
0.999582 1
0.999864 1
0.999754 1
0.999901 1
0 1
0.395308 0
0.977082 0
0.99976 1
0.999504 1
0.998166 1
0.999832 1
0.902753 0
0.999669 1
0.913375 0
0.144453 0
0.526755 0
0.999781 1
0.999628 1
0.999818 1
0.99986 1
0.999629 1
0.999923 1
0.999815 1
0.999473 1
0.999842 1
0.999874 1
0 1
0.997838 0
0.999879 1
0.999831 1
0.999886 1
0.999816 1
0.999886 1
0.99988 1
0.999885 1
0 1
0.158494 0
0.999842 1
0.499034 0
0.999822 1
0.999853 1
0.99984 1
0.999853 1
0.999833 1
0.999741 1
0.99989 1
0.999813 1
0.999633 1
0.392637 0
0.995178 1
0.675755 1
0.993648 1
0.998789 1
0.999052 1
0.999626 1
0.998702 1
0.998414 1
0.40092 0
0.99986 1
0.999881 1
0.999831 1
0.999713 1
0.999828 1
0.999115 1
0.999875 1
0.999931 1
0.999808 1
0.999745 1
0.9999 1
0.999848 1
0.112079 0
0.26819 0
0.654615 0
0.999858 1
0.999861 1
0.999807 1
0.999861 1
0.999848 1
0.99913 1
0.999715 1
0.999764 1
0.999805 1
0.999668 1
0.999776 1
0.456612 0
0.989082 0
0.322068 0
0.68228 0
0.998127 1
0.998155 1
0.999199 1
0.99856 1
0.998987 1
0.998766 1
0.999026 1
0.999445 1
0.526918 0
0.942928 0
0.975869 0
0.981692 0
0.985445 0
0.999842 1
0.999044 1
0.99973 1
0.914127 0
0.999813 1
0.999839 1
0.999856 1
0.999785 1
0.998097 1
0.999852 1
0.999646 1
0.999599 1
0.9997 1
0.999587 1
0.999911 1
0.999728 1
0.999748 1
0.502625 0
0.158812 0
0.99981 1
0.999885 1
0.999532 1
0.999726 1
0.999749 1
0.999875 1
0.999782 1
0.999899 1
0.949169 0
0.999708 1
0.999496 1
0.999701 1
0 1
0.952695 0
0.418301 0
0.999724 1
0.999846 1
0.999834 1
0.999838 1
0.259321 0
0.999807 1
0.999767 1
0.998914 1
0.999687 1
0.999677 1
0.996613 1
0.997641 1
0 1
0.917349 0
0.159195 0
0.984674 0
0.997832 1
0.963562 1
0.999815 1
0.98685 1
0.999595 1
0.304739 0
0.999685 1
0.99991 1
0.999845 1
0.999291 1
0.414882 0
0.999754 1
0.99983 1
0 1
0 1
0.886251 0
0.903027 0
0.2585 0
0.7103 0
0.999816 1
0.995536 1
0.957146 1
0.999701 1
0.974675 1
0.933314 1
0.997751 1
0.995106 1
0.999734 1
0.99586 1
0.999702 1
0.999905 1
0.999701 1
0.999545 1
0.998381 1
0.999764 1
0.999733 1
0.999737 1
0.999723 1
0.999561 1
0.999837 1
0.999801 1
0.999853 1
0.999838 1
0.999881 1
0.999877 1
0.999838 1
0.999843 1
0.999835 1
0.999818 1
0.999756 1
0.997375 1
0.999658 1
0.99972 1
0.999778 1
0.999267 1
0.999361 1
0.999671 1
0.98479 1
0.999727 1
0.998773 1
0.127575 1
0.999816 1
0.999745 1
0.278956 0
0.999817 1
0.999548 1
0.999246 1
0.992498 1
0.99983 1
0.999736 1
0.15807 0
0.586476 0
0.919158 0
0.999783 1
0.999828 1
0.371409 0
0.99981 1
0.151015 0
0.973327 0
0.999851 1
0.999841 1
0.190736 0
0.999757 1
0.999775 1
0.200966 0
0.999811 1
0.999778 1
0.998451 1
0 1
0.997902 0
0.714198 0
0.999903 1
0.76299 0
0.945711 0
0.999381 1
0.999796 1
0.977124 0
0.999719 1
0.999673 1
0.999759 1
0.999675 1
0.999519 1
0.999641 1
0.271008 0
0.998226 1
0.999691 1
0.997214 1
0.992932 1
0.999653 1
0.999605 1
0.999781 1
0.999749 1
0.999851 1
0.371373 0
0.999874 1
0.999774 1
0 1
0.766821 0
0.841305 0
0.373961 0
0.99959 1
0.999166 1
0.999558 1
0.999157 1
0.997472 1
0.999849 1
0.999766 1
0.999204 1
0.999857 1
0.999847 1
0.976429 0
0.422233 0
0.999813 1
0.99977 1
0.99981 1
0.999743 1
0.999822 1
0.99918 1
0.145614 0
0.999874 1
0.999837 1
0.999906 1
0.999847 1
0.999844 1
0.597342 0
0.999764 1
0.999065 1
0.999838 1
0.762996 0
0.753515 0
0.19594 0
0.880055 0
0.137498 0
0.999745 1
0.997553 1
0.999731 1
0.923541 0
0.99988 1
0.955717 0
0.984443 0
0.707096 0
0.99761 0
0.99966 1
0.995131 1
0.999825 1
0.999896 1
0.999188 1
0.449075 0
0.999736 1
0.998358 1
0.99972 1
0.999891 1
0.999887 1
0 1
0 1
0.999194 0
0.940667 0
0.998603 0
0.582658 0
0.196366 0
0.979533 1
0.999421 1
0.999396 1
0.999655 1
0.999811 1
0.99987 1
0.999744 1
0.999833 1
0.99986 1
0.999742 1
0.99975 1
0.999917 1
0.998659 1
0.999581 1
0.999616 1
0.997053 1
0.976189 0
0.999725 1
0.999705 1
0.999755 1
0.999706 1
0.10181 0
0.97224 0
0.4522 0
0.992701 1
0.999781 1
0.999873 1
0.955951 0
0.132028 0
0.118485 0
0.999689 1
0.168969 0
0.999801 1
0.99969 1
0.9998 1
0.999792 1
0.999851 1
0 1
0.999822 1
0.99914 1
0.999776 1
0.999719 1
0.999746 1
0.999913 1
0.999841 1
0.820771 0
0.805976 0
0.153318 0
0.209958 0
0.9672 0
0.99967 1
0.999743 1
0.188117 0
0.329006 0
0.992634 0
0.99968 1
0.999864 1
0.9999 1
0.115606 0
0.998411 1
0.997694 1
0.999742 1
0.997611 1
0.999915 1
0.99964 1
0.999915 1
0.999842 1
0.999903 1
0.999869 1
0 1
0.164002 0
0.996178 0
0.999658 1
0.999875 1
0.999115 1
0.999661 1
0.99966 1
0.993535 0
0.999806 1
0.600113 0
0.111326 0
0.275905 0
0.908247 0
0.743318 0
0.996046 0
0.157568 0
0.997361 1
0.99977 1
0.171367 0
0.999831 1
0.999785 1
0.999773 1
0.999809 1
0.999833 1
0.999802 1
0.999847 1
0.999538 1
0.999909 1
0.999793 1
0.290179 0
0.139057 0
0.999596 1
0.999223 1
0.99919 1
0.999704 1
0.999813 1
0.999856 1
0.176429 0
0.64985 0
0.997103 0
0.999801 1
0.999823 1
0.57289 0
0.187246 0
0.999767 1
0.99765 1
0.99985 1
0.999862 1
0.999919 1
0.611598 0
0.99985 1
0.999871 1
0.99984 1
0.999824 1
0.993599 0
0.999835 1
0.999796 1
0.999667 1
0.890691 1
0.997841 1
0.999093 1
0.999648 1
0.998779 1
0.995504 1
0.998384 1
0.999804 1
0.105674 0
0.999863 1
0.999866 1
0.183314 0
0.999758 1
0.999756 1
0.998187 1
0.998335 1
0.112982 0
0.999831 1
0.999703 1
0.999821 1
0.999834 1
0.999848 1
0.999838 1
0.999847 1
0.999797 1
0.999872 1
0.999844 1
0.999764 1
0.999906 1
0.999853 1
0.99984 1
0.999864 1
0.225711 0
0.127938 0
0.520999 0
0.999844 1
0 1
0.9998 1
0.987598 1
0.999687 1
0.99989 1
0.392698 0
0.710868 0
0.999813 1
0.999786 1
0.999847 1
0.999835 1
0.99986 1
0.999911 1
0.999798 1
0.999858 1
0.999761 1
0.99979 1
0.99984 1
0.999469 1
0 1
0.999774 1
0.999686 1
0.999869 1
0.107801 0
0.142572 0
0.998049 1
0.999029 1
0.966636 1
0.999566 1
0.999401 1
0.999855 1
0.999827 1
0.999885 1
0.480578 0
0.998623 1
0.999589 1
0.999822 1
0.999462 1
0.999762 1
0.999516 1
0.999732 1
0.999893 1
0.999847 1
0.99986 1
0.999733 1
0.999785 1
0.999787 1
0.999762 1
0.924807 0
0.589862 0
0.825624 0
0.999865 1
0.999208 1
0.999889 1
0.999808 1
0.99972 1
0.999806 1
0.804232 0
0.999776 1
0 1
0 1
0 1
0.9728 1
0.820579 1
0.946604 1
0.986332 1
0.999791 1
0.968799 1
0.740279 1
0 1
0 1
0 1
0 1
0 1
0 1
0 1
0 1
0 1
0 1
0 1
0 1
0.359732 0
0.694638 0
0.741673 0
0.132293 0
0.751677 1
0.997358 1
0.10562 1
0.929011 1
0.893084 1
0.966553 1
0.987979 1
0.996475 1
0.846622 1
0.941064 1
0.865198 0
0.131582 0
0.9998 1
0.999902 1
0.999654 1
0.99982 1
0.999758 1
0.371858 1
0.970722 1
0.99985 1
0.993837 0
0.999624 1
0.99995 1
0 1
0.593523 0
0.992251 0
0.99983 1
0.998866 1
0.99893 1
0.995096 1
0.99987 1
0.999845 1
0.999856 1
0.999793 1
0.999724 1
0.999137 1
0.401337 0
0.12435 0
0.999749 1
0.999739 1
0.999813 1
0.999872 1
0.999788 1
0.999772 1
0.999774 1
0.999798 1
0.999841 1
0.73694 0
0.207953 0
0.999432 1
0.999741 1
0.999846 1
0.999887 1
0.999854 1
0.999822 1
0.999659 1
0.999799 1
0.999746 1
0.999779 1
0 1
0 1
0.914165 0
0.99952 1
0.997934 1
0.99865 1
0.983467 1
0.999889 1
0.262308 0
0.999819 1
0.99979 1
0.999918 1
0.999742 1
0 1
0 1
0.999496 1
0.997927 1
0.999893 1
0.999732 1
0.999755 1
0 1
0.918039 0
0.999803 1
0 1
0 1
0.999306 0
0.860943 0
0.443858 0
0.419299 1
0.999795 1
0.999817 1
0.998178 0
0.999812 1
0.999849 1
0.886875 0
0.999672 1
0.999728 1
0.999777 1
0.9997 1
0.999861 1
0.999875 1
0 1
0.132181 0
0.117811 0
0.99894 1
0.998529 1
0.999764 1
0.982411 1
0.997291 1
0.999867 1
0.958649 0
0.999763 1
0.997773 1
0.999841 1
0.999845 1
0.999834 1
0.160779 0
0.997961 0
0.999774 1
0.946586 0
0.939363 0
0.297717 0
0.89139 0
0.998729 1
0.999577 1
0.996031 1
0.988503 1
0.985534 1
0.999622 1
0.999707 1
0.99984 1
0.999802 1
0.999828 1
0.999869 1
0.999805 1
0.99981 1
0.998263 0
0.999851 1
0.999819 1
0.99963 1
0 1
0.810387 0
0.999619 1
0.999477 1
0.991569 1
0.999817 1
0.999943 1
0.594208 0
0.830013 0
0.885576 0
0.99657 1
0.999726 1
0.96508 1
0.999403 1
0.999678 1
0.999748 1
0.939429 0
0.253946 0
0.95447 0
0.999681 1
0.999842 1
0.999887 1
0.999771 1
0.999893 1
0.990969 0
0.920148 0
0.999618 1
0.999558 1
0.999783 1
0.999637 1
0.999619 1
0.999693 1
0.999765 1
0.999876 1
0.999829 1
0.99981 1
0.999875 1
0.999811 1
0.953176 0
0.999865 1
0.132176 0
0.93413 0
0.999662 1
0.999748 1
0.999353 1
0.999744 1
0.220482 0
0.84195 0
0.911726 0
0.999809 1
0.998648 1
0.999558 1
0.998511 1
0.999241 1
0.999597 1
0.999836 1
0.999824 1
0 1
0.70824 0
0.905305 0
0.994911 0
0.99979 1
0.999573 1
0.999228 1
0.999466 1
0.999701 1
0.241899 0
0.999726 1
0.997815 1
0.999829 1
0.999839 1
0.999595 1
0.999529 1
0.999823 1
0.999859 1
0.99981 1
0.999858 1
0.998673 0
0.999855 1
0.99986 1
0.999897 1
0.999882 1
0.999828 1
0.99963 1
0.999887 1
0.99988 1
0.999874 1
0.98319 0
0.481157 1
0.999792 1
0.999737 1
0.999869 1
0.999853 1
0.99851 0
0.999668 1
0.999687 1
0.999833 1
0.999388 1
0.99543 1
0.99986 1
0.99983 1
0.999765 1
0.9999 1
0.999884 1
0.999787 1
0.994422 1
0.999749 1
0 1
0.988286 0
0.999783 1
0.999866 1
0.991641 0
0.969051 0
0.999772 1
0.999778 1
0.99978 1
0.1848 0
0.323409 0
0.999831 1
0.999804 1
0.340283 0
0.959639 0
0.148436 0
0.591183 0
0.999845 1
0.999591 1
0.103675 0
0.999845 1
0.999891 1
0.999872 1
0.137102 0
0.999862 1
0.999788 1
0.999821 1
0.999842 1
0.99963 1
0.999357 1
0.99947 1
0.999796 1
0.171294 0
0.999832 1
0.999812 1
0.100745 0
0.810581 0
0.537059 0
0.104541 0
0.997934 1
0.999599 1
0.99977 1
0.999844 1
0.999903 1
0.999829 1
0.999778 1
0.999702 1
0.999573 1
0.999823 1
0.999861 1
0.970536 1
0.999876 1
0.999848 1
0.999577 0
0.999807 1
0.999743 1
0.999804 1
0.999656 1
0.999878 1
0.999882 1
0.365065 0
0.291635 0
0.433068 0
0.988912 0
0.977288 0
0.376448 0
0.889624 0
0.972125 0
0.998252 1
0.999913 1
0.966993 0
0.999849 1
0.999757 1
0.997751 1
0.999792 1
0.999382 1
0.999823 1
0.99981 1
0.999886 1
0.430184 0
0.626136 0
0.999838 1
0.999041 1
0.999849 1
0.999763 1
0.994998 1
0.999607 1
0.999798 1
0.999851 1
0 1
0.237192 0
0.323714 0
0.989469 0
0.610617 0
0.996581 0
0.972827 0
0.972329 0
0.984468 1
0.999786 1
0.99983 1
0.999707 1
0.999782 1
0.999852 1
0.339334 0
0.99974 1
0.999739 1
0.999843 1
0.999786 1
0.999899 1
0.999887 1
0.99988 1
0.999846 1
0.999894 1
0.999914 1
0.835279 0
0.999817 1
0.968727 1
0.999794 1
0.999702 1
0.999616 1
0.999843 1
0.999776 1
0.9998 1
0.579507 0
0.998879 1
0.999865 1
0 1
0.999788 1
0.994216 1
0 1
0 1
0.995266 0
0.642525 0
0.995869 1
0.915822 1
0.999808 1
0.999899 1
0.999886 1
0.988856 0
0.999838 1
0.999799 1
0.999874 1
0.447249 0
0.156644 0
0.888403 0
0.510098 0
0.999706 1
0.999363 1
0.999148 1
0.999058 1
0.999594 1
0.999336 1
0.999686 1
0.999385 1
0.999734 1
0.999839 1
0.999513 1
0.9998 1
0.999236 1
0 1
0.999677 0
0.99976 1
0.997858 1
0.996881 1
0.999621 1
0 1
0.222434 0
0.767265 0
0.995478 1
0.999845 1
0.999522 1
0.961624 1
0.998918 1
0.999256 1
0.999747 1
0.999854 1
0.999857 1
0.999792 1
0.999736 1
0.999908 1
0.999566 1
0.999839 1
0.999825 1
0.999682 1
0.999753 1
0.999889 1
0.999796 1
0.999693 1
0.999806 1
0.721708 0
0.999111 1
0.99985 1
0.997209 1
0.999694 1
0.999621 1
0.999844 1
0.999463 1
0.999844 1
0.118261 0
0.157042 0
0.999837 1
0.999845 1
0.999804 1
0.703679 0
0.8898 0
0.138283 0
0.999787 1
0.999655 1
0.999627 1
0.908923 0
0.996512 1
0.999563 1
0.999777 1
0.999753 1
0.999813 1
0.999836 1
0.949672 0
0.950081 0
0.999469 1
0.988663 1
0.999739 1
0.999915 1
0.999881 1
0.999892 1
0.997667 0
0.99988 1
0.999725 1
0.995528 1
0.997023 1
0.999887 1
0.99985 1
0.999738 1
0.999828 1
0.999693 1
0.999867 1
0.999759 1
0.999547 1
0.278961 0
0.999697 1
0.999102 1
0.998804 1
0.999827 1
0.999856 1
0.224467 0
0.999669 1
0.999781 1
0.994725 1
0.999824 1
0.992772 0
0.997598 0
0.999791 1
0.9999 1
0.96953 0
0.999357 1
0.982637 1
0.999816 1
0.998897 1
0 1
0.945134 0
0.978773 0
0.99982 1
0.999796 1
0.999885 1
0.999803 1
0.999675 1
0.999693 1
0 1
0 1
0.150761 0
0.999637 1
0.99939 1
0.999728 1
0.985695 1
0.981738 1
0.999882 1
0.999699 1
0.999714 1
0.999891 1
0 1
0.998083 0
0.97575 1
0.99965 1
0.999763 1
0.999837 1
0 1
0.998128 0
0.872043 0
0.999338 0
0.854005 0
0.999539 1
0.999691 1
0.999898 1
0.999744 1
0.999786 1
0.999763 1
0.999873 1
0.99966 1
0.999846 1
0.557052 0
0.171145 0
0.999756 1
0.999127 1
0.999809 1
0.19693 0
0.444233 0
0.999804 1
0.999885 1
0.99985 1
0.999753 1
0.998455 1
0.999842 1
0.999861 1
0.999869 1
0.999843 1
0.999872 1
0.999855 1
0.999857 1
0.999736 1
0.99991 1
0.366762 0
0.99973 1
0.998213 1
0.999113 1
0.999558 1
0 1
0.987664 0
0.999854 1
0.999621 1
0.999839 1
0.999893 1
0.999869 1
0.999832 1
0.999932 1
0.999654 1
0.999596 1
0.999517 1
0.999705 1
0.999845 1
0.961344 0
0.396589 0
0.999661 1
0.965862 0
0.999815 1
0.999822 1
0.151677 0
0.66429 0
0.999756 1
0.999713 1
0.999441 1
0.999509 1
0.817116 0
0.999816 1
0.999883 1
0.999723 1
0.99974 1
0.999039 1
0.368866 0
0.999879 1
0.999793 1
0.909212 0
0.678481 0
0.996195 1
0.999815 1
0.999786 1
0.999904 1
0.999842 1
0.121417 0
0.799525 0
0.999677 1
0.995024 1
0.999787 1
0.999854 1
0.999633 1
0.99949 1
0.999891 1
0.999865 1
0.999798 1
0.999746 1
0.999783 1
0.999389 1
0.999545 1
0.999562 1
0.999803 1
0.9997 1
0.999746 1
0.999865 1
0.804571 0
0.999664 1
0.999839 1
0.999891 1
0.999825 1
0.999442 1
0.999764 1
0.999707 1
0.999813 1
0.999841 1
0.999772 1
0 1
0.994005 0
0.999797 1
0.999931 1
0.652501 0
0.999854 1
0.999907 1
0.999926 1
0.999809 1
0.999838 1
0.999786 1
0.999837 1
0.679122 0
0.582371 0
0.692187 0
0.999767 1
0.999858 1
0.999826 1
0.999901 1
0.999815 1
0.999687 1
0.999839 1
0.999745 1
0.999855 1
0.999864 1
0.999843 1
0.999619 1
0.999907 1
0.999832 1
0.999738 1
0.999836 1
0.999834 1
0.999877 1
0.999783 1
0.546334 0
0.102204 0
0.999872 1
0.999904 1
0.999919 1
0.999828 1
0.999759 1
0.999823 1
0.999696 1
0.997693 1
0.999886 1
0.999893 1
0.989916 0
0.99979 1
0.999508 1
0 1
0.999881 1
0.999862 1
0.999849 1
0.99986 1
0.999792 1
0.999832 1
0.999647 1
0.175751 0
0.999802 1
0.999224 1
0.999818 1
0.999905 1
0.999122 1
0.99901 1
0.999617 1
0.998693 1
0.999737 1
0.850645 0
0.47173 0
0.999807 1
0.999832 1
0.999835 1
0 1
0.997154 0
0.999878 1
0 1
0.532528 0
0.999203 1
0.997557 1
0.999656 1
0.99654 1
0.872843 0
0.97738 0
0.897797 0
0.804779 0
0.907008 0
0.903832 0
0.999284 1
0.999 1
0.995961 1
0.999651 1
0.999698 1
0.999781 1
0.999794 1
0.999858 1
0.999884 1
0.999689 1
0.999519 1
0.999669 1
0.999703 1
0.999782 1
0.999844 1
0.999785 1
0.999785 1
0.999858 1
0.999836 1
0 1
0.39867 0
0.999181 0
0.999837 1
0.999771 1
0 1
0.998866 0
0.993179 0
0.999684 1
0.999703 1
0.999851 1
0.99975 1
0.999882 1
0.999906 1
0.999689 1
0.999727 1
0.999603 1
0.999677 1
0.988556 0
0.999717 1
0.999894 1
0.999559 1
0.99989 1
0.999754 1
0.999756 1
0 1
0 1
0.140835 1
0.999731 1
0.999801 1
0.10099 0
0.999377 1
0.180516 0
0.99173 0
0.999781 1
0.999652 1
0.999491 1
0.999832 1
0.511533 0
0.999709 1
0.99968 1
0 1
0 1
0 1
0 1
0 1
0 1
0 1
0 1
0.564636 0
0.749498 0
0.15664 0
0.350973 0
0.998805 0
0.110522 0
0.991936 1
0.999797 1
0.999158 1
0.99807 1
0.998664 1
0.853917 1
0.988566 1
0.998247 1
0.996691 1
0.981312 1
0.919502 1
0.972176 1
0.987371 1
0.999083 1
0.995782 1
0.992583 1
0.995611 1
0.993025 1
0.933779 1
0.999915 1
0.999909 1
0.140077 0
0.999556 1
0 1
0.839259 0
0.999695 1
0.99989 1
0.999887 1
0 1
0.853131 0
0.943788 0
0.999837 1
0.9985 1
0.99935 1
0.999806 1
0.91459 0
0.986323 0
0.49788 0
0.999717 1
0.999155 1
0.999839 1
0.999849 1
0.999854 1
0.999882 1
0.999718 1
0.999876 1
0.999321 1
0.999548 1
0.999774 1
0.999709 1
0.999744 1
0.258024 0
0.998539 0
0.999709 1
0.999677 1
0.999816 1
0.983972 1
0.99971 1
0.999406 1
0.999852 1
0.999866 1
0.132851 0
0.999759 1
0.999741 1
0.334356 0
0.999728 1
0.999816 1
0.999787 1
0.999806 1
0.999885 1
0.999879 1
0.24744 0
0.973964 1
0.999824 1
0.999787 1
0.999654 1
0.999827 1
0.999767 1
0.999819 1
0.999879 1
0.999772 1
0.253522 0
0.99989 1
0.212736 0
0.999583 1
0.99993 1
0.999677 1
0.999869 1
0.99986 1
0.894794 0
0.999857 1
0.999887 1
0.999791 1
0.273969 0
0.999571 1
0.876022 0
0.999807 1
0.999864 1
0.999745 1
0.997838 0
0.999837 1
0.999801 1
0.999905 1
0.999817 1
0.999737 1
0.592821 0
0.999909 1
0.999709 1
0.999747 1
0.999768 1
0.999897 1
0.999803 1
0.999815 1
0.999857 1
0.964636 0
0.241096 0
0.999895 1
0 1
0 1
0.999823 1
0 1
0.999775 1
0.999662 1
0.999846 1
0.99982 1
0.999669 1
0.999911 1
0.999777 1
0.999853 1
0.999766 1
0.999818 1
0.999728 1
0.999695 1
0.999804 1
0.999806 1
0.999366 0
0.999877 1
0.999762 1
0.146883 0
0.999698 1
0.999844 1
0.998424 0
0.999873 1
0.999851 1
0.270198 0
0.269921 0
0.998971 1
0.99414 1
0.999586 1
0.999686 1
0.133604 0
0.665424 0
0.999851 1
0.9998 1
0.99974 1
0.999814 1
0.999767 1
0.999831 1
0.999411 1
0.99983 1
0.999821 1
0.999825 1
0.999877 1
0.114667 0
0.953194 0
0.999822 1
0.836332 1
0.999754 1
0.999908 1
0.999853 1
0.664364 0
0.999813 1
0.998068 1
0.999828 1
0.999793 1
0.999795 1
0.999763 1
0.99942 0
0.999762 1
0.999822 1
0 1
0 1
0.994701 0
0.99902 0
0.773162 0
0.998651 1
0.999606 1
0.998607 1
0.999316 1
0.138766 0
0.999905 1
0.999919 1
0.999837 1
0.244982 0
0.999803 1
0.999822 1
0.197728 0
0.999849 1
0.687855 0
0.999618 1
0.999288 1
0.999526 1
0.999843 1
0.99984 1
0.999795 1
0.921681 0
0.999159 1
0.999775 1
0.986339 1
0.999705 1
0.999648 1
0.999805 1
0.999835 1
0.999818 1
0.999857 1
0.999861 1
0.987858 1
0.174608 0
0.994821 1
0.999659 1
0.998874 1
0.995605 1
0.990678 1
0.999038 1
0.999633 1
0.999496 1
0.999812 1
0.999785 1
0.121616 0
0.999841 1
0.999874 1
0.971143 0
0.275684 0
0.277717 0
0.944489 0
0.981697 0
0.999722 1
0.999674 1
0.999486 1
0.997618 1
0.999667 1
0.998533 1
0.936004 0
0.900063 0
0.306866 0
0.999766 1
0.13079 0
0.426168 0
0.986849 0
0.968341 0
0.999524 1
0.9997 1
0.999814 1
0.999887 1
0.999637 1
0.999882 1
0.999835 1
0.99975 1
0.999716 1
0.999792 1
0.999875 1
0 1
0.999866 1
0.999823 1
0.999743 1
0.429388 0
0.766789 0
0.128119 0
0.255159 0
0.999656 1
0.999857 1
0.998557 1
0 1
0.791936 0
0.499724 0
0.143328 0
0.322635 0
0.998274 0
0.99977 1
0.999701 1
0.999905 1
0 1
0.904485 0
0.9996 1
0.999873 1
0.999854 1
0.995494 0
0.307331 0
0.999629 1
0.996348 1
0.999397 1
0.999878 1
0.999662 1
0.999829 1
0.999687 1
0 1
0.980535 0
0.999878 1
0.999838 1
0 1
0.35235 0
0.96576 0
0.235499 0
0.99969 1
0.999651 1
0.998632 1
0.996024 1
0.999366 1
0.999861 1
0.999885 1
0.999912 1
0.999905 1
0.999905 1
0.999804 1
0.999811 1
0.987597 0
0.131094 0
0.997379 0
0.999795 1
0.999796 1
0.472667 0
0.280443 0
0.999767 1
0.99667 1
0.995738 1
0.941558 0
0.953762 0
0.999674 1
0.999859 1
0.972136 0
0.491573 0
0.999801 1
0.706891 0
0.999743 1
0 1
0 1
0.126581 0
0.2339 0
0.996164 1
0.999759 1
0.999625 1
0 1
0.997902 0
0.714198 0
0.999903 1
0.999716 1
0.999845 1
0.999816 1
0.997237 0
0.996701 1
0.999859 1
0.999875 1
0.999861 1
0.999876 1
0 1
0.639036 0
0.553441 0
0.999868 1
0.999818 1
0.999833 1
0.390206 0
0.142361 0
0.999773 1
0.999849 1
0.999804 1
0.999778 1
0.999869 1
0.999833 1
0.999871 1
0.957966 0
0.995728 0
0.824153 0
0.999016 1
0.996453 1
0.999043 1
0.982959 0
0.999863 1
0.999698 1
0.999796 1
0 1
0 1
0 1
0 1
0.974593 0
0.189815 0
0.854886 0
0.96232 0
0.988471 0
0.984358 0
0.985074 0
0.995493 1
0.993785 1
0.999403 1
0.996684 1
0.999678 1
0.999761 1
0.999842 1
0.999881 1
0.999836 1
0.999805 1
0 1
0 1
0 1
0 1
0 1
0 1
0.99862 0
0.709718 0
0.205766 0
0.741821 1
0.999739 1
0.998363 1
0.99847 1
0.9954 1
0.817145 1
0.999838 1
0.976654 0
0.999873 1
0.999837 1
0.999889 1
0.999871 1
0.999626 1
0.999881 1
0.999858 1
0.999776 1
0.999755 1
0.36902 0
0.999775 1
0.999739 1
0.999791 1
0.999821 1
0 1
0 1
0.200932 0
0.546002 0
0.994065 0
0.931839 0
0.999817 1
0.989288 1
0.975765 1
0.981488 1
0.999787 1
0.374765 1
0.999776 1
0.999458 1
0.999803 1
0.214474 0
0.125823 0
0.999734 1
0.999797 1
0.999773 1
0.999681 1
0.999346 1
0.999844 1
0.999788 1
0.99988 1
0.99979 1
0.99977 1
0.999733 1
0.999793 1
0.265032 0
0.957386 0
0.999557 1
0.999809 1
0.999594 1
0.999415 1
0.999616 1
0 1
0.9999 1
0.251059 1
0.999803 1
0.999838 1
0.999739 1
0.999743 1
0.999707 1
0.999854 1
0.999894 1
0.999881 1
0.999793 1
0.999581 1
0.997608 0
0.999804 1
0.999871 1
0.99968 1
0.999795 1
0.999814 1
0.999788 1
0.999795 1
0.267323 0
0.999619 1
0.998369 1
0.999794 1
0 1
0.999737 1
0.999887 1
0.154577 0
0.958146 0
0.999715 1
0.999794 1
0.999691 1
0.999608 1
0.967015 0
0.999793 1
0.999903 1
0.223315 0
0.999855 1
0.999676 1
0.999858 1
0.344623 0
0.80347 0
0.21509 0
0.999695 1
0.999042 1
0.994072 1
0.521741 0
0.881451 0
0.999768 1
0.999705 1
0.104683 0
0.12222 0
0.974185 0
0.999706 1
0.999651 1
0.998584 1
0.999915 1
0.999878 1
0.711827 0
0.999878 1
0.999763 1
0.999842 1
0.999637 1
0.999835 1
0.722515 0
0.999706 1
0.99985 1
0.999904 1
0.999828 1
0.211391 0
0.999867 1
0.185319 0
0.997972 0
0.999889 1
0.98323 0
0.999848 1
0.999432 1
0.999857 1
0.252678 0
0.99503 0
0.896441 0
0.999764 1
0.999876 1
0.999824 1
0.999722 1
0.482089 0
0.253266 0
0.999898 1
0.33839 0
0.999708 1
0.940892 0
0.200479 0
0.999866 1
0.999695 1
0.204407 0
0.999892 1
0.974429 0
0.895007 0
0.828025 0
0.986314 0
0.262071 0
0.998471 1
0.999687 1
0.999593 1
0.993254 1
0.994176 1
0.978036 1
0.999805 1
0.996206 1
0.993958 1
0.9974 1
0.990165 1
0.968329 1
0.958331 1
0.994162 1
0.999509 1
0.99982 1
0.999928 1
0.999854 1
0.999873 1
0 1
0.648283 0
0.999868 1
0.583258 0
0.99982 1
0.999794 1
0.999831 1
0.99981 1
0.999891 1
0.999828 1
0.99989 1
0.99929 1
0.999813 1
0.999757 1
0.999639 1
0.999807 1
0.99985 1
0.999863 1
0.999499 1
0.999901 1
0 1
0.136841 0
0.283638 0
0.997715 0
0.999718 1
0.998565 1
0.999798 1
0.999894 1
0.999749 1
0.999753 1
0.926047 0
0.999921 1
0.999845 1
0.91521 0
0.999877 1
0.999833 1
0.467646 0
0.778561 0
0.998494 1
0.994955 1
0.992836 1
0.9999 1
0.999882 1
0.999892 1
0.999926 1
0.999888 1
0.999779 1
0.999888 1
0.999877 1
0 1
0 1
0.441541 0
0.998355 0
0.999667 1
0.999893 1
0.998547 1
0.999843 1
0.999877 1
0.636849 0
0.403383 0
0.999836 1
0.999804 1
0.999719 1
0.999565 1
0.999686 1
0.120315 0
0.999789 1
0.999775 1
0.999768 1
0.999851 1
0.999825 1
0.999887 1
0.999785 1
0.999891 1
0.999862 1
0.99065 0
0.967261 0
0.999715 1
0.999632 1
0.999778 1
0.999892 1
0.999575 1
0.999725 1
0.391721 0
0.999789 1
0.999882 1
0.978558 1
0.999726 1
0.99975 1
0.999167 1
0.999872 1
0.999545 1
0.999186 1
0.999839 1
0.998638 1
0.993488 1
0.999745 1
0.999646 1
0.994777 1
0.209388 0
0.999833 1
0 1
0.567776 0
0.99894 0
0.994154 1
0.999143 1
0.996174 1
0.999674 1
0.999511 1
0.998407 1
0.998977 1
0.995861 1
0 1
0 1
0.998536 0
0.999787 1
0.999851 1
0.99808 1
0.975404 1
0.981826 1
0.999259 1
0.999808 1
0.596102 1
0.999724 1
0.999641 1
0.588547 0
0.999555 1
0.999521 1
0.999613 1
0.999905 1
0.952104 0
0.796297 0
0.123046 0
0.423126 0
0.99983 1
0.999797 1
0.999851 1
0.999672 1
0.27636 0
0.999857 1
0.999693 1
0.999912 1
0.999771 1
0.999902 1
0.999844 1
0.999822 1
0.999816 1
0.999892 1
0.477521 0
0.999844 1
0.999845 1
0.521508 0
0.999824 1
0.999752 1
0.999824 1
0.999802 1
0.999138 0
0.99982 1
0.999683 1
0.999835 1
0.993362 0
0.423542 0
0.179561 0
0.988407 0
0.165276 0
0.999632 1
0.999848 1
0.999805 1
0.999851 1
0.999842 1
0.99983 1
0.999869 1
0.852711 0
0.810162 0
0.111917 0
0.999832 1
0.997459 1
0.997993 1
0.998325 1
0.999709 1
0.125333 0
0.999879 1
0.999776 1
0.999822 1
0.999753 1
0.999789 1
0.970155 0
0.999795 1
0.999713 1
0.142143 0
0.999803 1
0.999898 1
0.911 0
0.999609 1
0.999697 1
0.999845 1
0.263595 0
0.693426 0
0.788956 0
0.999848 1
0.999839 1
0.999842 1
0 1
0 1
0.780566 0
0.479746 0
0.219554 0
0.305854 0
0.997026 0
0.997152 1
0.988148 1
0.998241 1
0.999737 1
0.996911 1
0.958599 1
0.999662 1
0.752368 0
0.99991 1
0.999863 1
0.999874 1
0.999881 1
0.999849 1
0.999883 1
0.99987 1
0.999627 1
0.998675 1
0.999829 1
0.25865 0
0.999873 1
0.999823 1
0.999674 1
0.998789 1
0.999797 1
0.381393 0
0.99968 1
0.731369 0
0.968259 0
0.980362 0
0.917899 0
0.999631 1
0.999848 1
0.999835 1
0.999433 1
0.204083 0
0.999709 1
0.997944 1
0.999698 1
0.999919 1
0 1
0.999602 1
0.994362 0
0.999637 1
0.998643 1
0.999775 1
0.997274 1
0.999814 1
0.999873 1
0.998961 1
0.999832 1
0.885733 0
0.624053 0
0.585588 0
0.292335 0
0.984167 0
0.997329 1
0.999638 1
0 1
0 1
0.553213 0
0.997604 0
0.99521 0
0.996918 0
0.999834 0
0.999867 1
0.999823 1
0.999609 1
0.99992 1
0.43342 0
0.999801 1
0.981114 1
0.996117 1
0.999817 1
0.942221 0
0.999218 1
0.999675 1
0.999136 1
0.999701 1
0.999513 1
0.999315 1
0.150438 0
0.999794 1
0.999649 1
0.999687 1
0.999833 1
0.407618 0
0.919528 0
0.99974 1
0.999767 1
0.999675 1
0.153369 0
0.808197 0
0.999748 1
0.824127 0
0.999843 1
0.999783 1
0.999659 1
0.996868 1
0.990912 1
0 1
0.209542 0
0.163466 0
0.606516 0
0.999885 1
0.929222 0
0.999901 1
0.999899 1
0.999828 1
0.999821 1
0.124216 0
0.999851 1
0 1
0.999838 0
0.99986 1
0.998942 1
0.999871 1
0.514858 0
0.999835 1
0 1
0.999877 1
0.498594 0
0.313069 0
0.999735 1
0.999699 1
0.113504 0
0.999879 1
0.895661 1
0.999683 1
0.999685 1
0.99983 1
0.999788 1
0.999729 1
0.999857 1
0.999817 1
0.999866 1
0.998456 1
0.986592 0
0.972671 0
0.81 0
0.344009 0
0.170118 0
0.999851 1
0.993946 1
0.999566 1
0.999259 1
0.99697 1
0.306305 0
0.999914 1
0.99944 1
0.99986 1
0.999824 1
0.999821 1
0.998456 0
0.999862 1
0.999416 1
0.69203 0
0.999878 1
0.999802 1
0.720979 0
0.999437 0
0.999651 1
0.999656 1
0.99973 1
0.999904 1
0 1
0.985478 0
0.107357 0
0.871894 0
0.998239 1
0.99986 1
0.999542 1
0.999413 1
0.999677 1
0.99991 1
0.99981 1
0.998505 1
0.999805 1
0.999642 1
0.999063 1
0.999863 1
0.999704 1
0.999844 1
0.999846 1
0 1
0.997213 0
0.853932 0
0.999837 1
0.998983 1
0.999466 1
0.999844 1
0.271273 0
0.986963 1
0.999848 1
0.999842 1
0.999776 1
0.999862 1
0.999869 1
0.999549 1
0.999787 1
0.999668 1
0.999739 1
0.999923 1
0.999703 1
0.999828 1
0.999819 1
0.99987 1
0.406673 0
0.999809 1
0.999887 1
0.999569 1
0.999675 1
0.999886 1
0.991226 0
0.139092 0
0.997887 1
0.999908 1
0.99903 1
0.999133 1
0 1
0 1
0 1
0.390756 0
0.941099 0
0.999812 1
0.999742 1
0.999548 1
0.999803 1
0.999196 1
0.999748 1
0.999695 1
0.999766 1
0.999633 1
0.31244 0
0.999823 1
0.999834 1
0.999896 1
0.999718 1
0.99988 1
0.999908 1
0.999853 1
0.99983 1
0.256986 0
0.999767 1
0.999418 1
0.999306 1
0.990443 1
0.999701 1
0.99942 0
0.999909 1
0.999699 1
0.99989 1
0.984811 0
0.999829 1
0.999873 1
0.999695 1
0.999902 1
0.999792 1
0 1
0.999667 1
0.995339 1
0.364572 1
0.998678 1
0.995852 1
0.999648 1
0.999832 1
0.999802 1
0.22925 0
0.999838 1
0.99704 0
0.748779 0
0.999041 1
0.999472 1
0.99985 1
0.999857 1
0.820092 0
0.241649 0
0.999797 1
0.997885 1
0.998446 1
0.999182 1
0.996962 1
0.999664 1
0.105239 0
0.999852 1
0.9996 1
0.999823 1
0.999864 1
0.669141 0
0.35751 0
0.999858 1
0.999892 1
0.999882 1
0.999784 1
0.999755 1
0.997723 1
0.999819 1
0.999836 1
0.999722 1
0.99988 1
0.99988 1
0.999836 1
0.999687 1
0.99976 1
0.999719 1
0.999865 1
0.999903 1
0.999917 1
0.271578 0
0.999849 1
0.998997 1
0.999796 1
0.998141 1
0.99991 1
0.999881 1
0.999908 1
0.999905 1
0 1
0.120011 0
0.981587 0
0.999748 1
0.983548 1
0.999837 1
0.999808 1
0.761073 0
0.999844 1
0.999663 1
0.999652 1
0.104323 0
0.130343 0
0.999765 1
0.999885 1
0.999723 1
0.999693 1
0.99988 1
0.575194 0
0.999813 1
0.999805 1
0.99925 1
0.136862 0
0.999849 1
0.999831 1
0.999932 1
0.999739 1
0.999895 1
0.999821 1
0.999848 1
0.999923 1
0.99966 1
0.999799 1
0.999792 1
0.999806 1
0.174628 0
0.999883 1
0 1
0.42823 0
0.261651 0
0.804775 0
0.999816 1
0.996495 0
0.999852 1
0 1
0.973402 0
0.962234 0
0.999831 1
0.999741 1
0.999699 1
0.999745 1
0.999573 1
0.999899 1
0.999853 1
0.999783 1
0.203245 0
0.228724 0
0.999385 1
0.999749 1
0.999843 1
0.999821 1
0.999333 1
0.999678 1
0.999844 1
0.999903 1
0.999864 1
0.999851 1
0 1
0.970116 0
0.974089 0
0.999631 1
0.999832 1
0.99915 1
0.999441 1
0.999725 1
0.99973 1
0.999772 1
0 1
0.149839 0
0.937266 1
0.999767 1
0.999805 1
0.999828 1
0.999762 1
0.999884 1
0.999716 1
0.999806 1
0.391695 0
0.144308 0
0.999683 1
0.999769 1
0 1
0.135848 0
0.140915 0
0.99983 1
0.992515 1
0.997939 1
0.996721 1
0.999367 1
0.999932 1
0.999844 1
0.999863 1
0.99976 1
0.340743 0
0.999793 1
0.999855 1
0.999782 1
0.999111 1
0.993466 1
0.999639 1
0.997764 1
0.971655 1
0.999792 1
0.999759 1
0.999828 1
0.999323 1
0.999789 1
0.999847 1
0.184648 0
0.99089 0
0.999711 1
0.999754 1
0.999828 1
0.999824 1
0.99984 1
0.999687 1
0.170709 0
0.999657 1
0.999714 1
0.99943 1
0.999845 1
0.999747 1
0.999751 1
0.999458 1
0.123794 0
0.999765 1
0.999882 1
0.999845 1
0 1
0.956693 0
0.436303 0
0.999814 1
0.999766 1
0.999814 1
0.999833 1
0.999808 1
0.999875 1
0.999718 1
0.999856 1
0.999871 1
0.999802 1
0.999708 1
0.999791 1
0.999807 1
0.99972 1
0.99982 1
0.999792 1
0.49171 0
0.999848 1
0.861679 0
0.999798 1
0.999662 1
0.999782 1
0.999866 1
0 1
0.998713 0
0.999761 1
0.999727 1
0.999837 1
0.16991 0
0.984718 0
0.988545 0
0.999659 1
0.999809 1
0.999757 1
0.999482 1
0.999708 1
0.999751 1
0.999769 1
0.999675 1
0.999778 1
0.999815 1
0.999718 1
0.999672 1
0.999588 1
0.999736 1
0.999861 1
0.999814 1
0 1
0.967124 0
0.166021 0
0.996229 1
0.986249 1
0.999536 1
0.128979 0
0.999787 1
0.999897 1
0.999771 1
0.999852 1
0.999705 1
0.999851 1
0.999835 1
0.128869 0
0.189927 0
0.999855 1
0.998926 1
0.99988 1
0.999865 1
0.999862 1
0.999901 1
0.171986 0
0.999841 1
0.99781 0
0.99988 1
0.999797 1
0.999883 1
0.999908 1
0 1
0.999572 0
0.999784 1
0.999879 1
0.999874 1
0.999879 1
0.99981 1
0.999854 1
0.999898 1
0.999846 1
0.999869 1
0.999794 1
0.735618 0
0.98855 0
0.958614 0
0.161302 0
0.999769 1
0.999848 1
0.997464 1
0.99977 1
0.999886 1
0.999777 1
0.99978 1
0 1
0 1
0.805368 0
0.93354 0
0.991917 1
0.999143 1
0.99372 1
0.975318 1
0.999806 1
0 1
0.101786 0
0.132535 0
0.997391 0
0.999836 1
0.968734 1
0.995666 1
0.988952 1
0.993304 1
0.997491 1
0.978572 1
0.992137 1
0.999725 1
0.919475 0
0.9999 1
0.999721 1
0.999839 1
0.999894 1
0.999772 1
0.99984 1
0.999862 1
0.999867 1
0 1
0.118741 0
0.999679 1
0.999829 1
0.999722 1
0.999796 1
0.999865 1
0.999894 1
0.999838 1
0.999373 1
0.999759 1
0.999777 1
0.99966 1
0.999787 1
0.999909 1
0.999817 1
0.999664 1
0.999672 1
0.559624 0
0.999915 1
0.99984 1
0.999846 1
0.999777 1
0.987904 1
0.999811 1
0.999743 1
0 1
0.999369 0
0.999762 1
0.999849 1
0.999411 1
0.999846 1
0.274892 0
0.999826 1
0.999586 1
0.999795 1
0.999734 1
0.999775 1
0.999844 1
0.999739 1
0.969492 0
0.999517 1
0.999695 1
0.999863 1
0.999647 1
0.999691 1
0.999009 1
0.442807 0
0.999847 1
0.999737 1
0.999918 1
0.999525 1
0.760407 0
0.999744 1
0.999542 1
0.999809 1
0.999702 1
0.998728 1
0.999684 1
0.933509 0
0.999798 1
0.999754 1
0.999888 1
0.999874 1
0.999786 1
0.215664 0
0.999898 1
0.99985 1
0.999865 1
0.999781 1
0.999823 1
0.999885 1
0.177657 0
0.999699 1
0.999758 1
0.17417 0
0.999811 1
0.833945 0
0.323088 0
0.134902 0
0.999791 1
0.938704 0
0.999703 1
0.999551 1
0.999863 1
0.999767 1
0 1
0 1
0.464482 0
0.899458 0
0.996059 0
0.975607 1
0.999817 1
0.999679 1
0.999857 1
0.999798 1
0.99976 1
0.999836 1
0.999861 1
0.999837 1
0.999833 1
0.999914 1
0.999868 1
0.999785 1
0.999789 1
0.630838 0
0.999718 1
0.999852 1
0.999826 1
0.999831 1
0.999557 1
0.999882 1
0.999701 1
0 1
0 1
0.999784 1
0.999861 1
0.999797 1
0.999857 1
0.99989 1
0.629659 0
0.999884 1
0.99979 1
0.999857 1
0.999825 1
0.999709 1
0 1
0 1
0.121249 0
0.991461 0
0.999803 1
0.999828 1
0.999783 1
0.999891 1
0.999875 1
0.999816 1
0.999585 1
0.999657 1
0.999663 1
0.999836 1
0.999683 1
0.999647 1
0.999839 1
0.999881 1
