0.98149505533 1
0.800939401946 1
0.989453273352 1
0.806359761437 1
0.99354960102 1
0 1
0.969248373164 0
0 1
0 1
0.838433710345 1
0 1
0.975968902431 0
0.980891488945 1
0 1
0 1
0.958610078846 1
0.951284503615 1
0 1
0 1
0.752026933185 0
0.792608649003 1
0.987962536101 1
0.986314940155 1
0.893959559198 1
0.976819285393 1
0 1
0 1
0 1
0 1
0 1
0 1
0.837952919019 1
0 1
0 1
0.959812617612 1
0.863489593952 1
0.956818477048 1
0.984960552357 1
0.973347546529 1
0.996186602242 1
0.988050235842 1
0.994861907298 1
0.507098023126 0
0.702469867191 1
0.993704088436 1
0.967781639784 1
0.975832849092 1
0.994951510936 1
0.990689496589 1
0.974114200267 1
0.98345794581 1
0.57828034295 0
0.98899937924 1
0.958290657988 1
0 1
0 1
0 1
0.523678774384 0
0.991396009899 1
0.987676984345 1
0.946102509205 1
0.961791989222 1
0.989546656126 1
0.966655521457 1
0.533066168302 0
0.900464018082 1
0.995633206777 1
0.525874366226 0
0.859776271717 1
0.977993754832 1
0.987273051819 1
0.992104433672 1
0 1
0.981799195396 1
0 1
0 1
0.612115885752 1
0.906963220069 1
0.991440829609 1
0.981681689908 1
0.964446919791 1
0.949459217829 1
0.985367347368 1
0.936981724137 1
0.94209437908 1
0.915680164159 1
0.953682369807 1
0.989724691187 1
0.98839665877 1
0.995559827533 1
0.975408296044 1
0.96979115553 1
0.975866738395 1
0.980563372978 1
0.732237593855 1
0.953248710154 1
0 1
0 1
0 1
0 1
0.986924793034 1
0.986108661 1
0.975204209649 1
0.775967933345 1
0.932131506974 1
0.575949150424 0
0.98373063143 1
0.504266646434 0
0.991106400195 1
0.807497528219 1
0.970856930967 1
0.982792725359 1
0.981970996392 1
0.977562005114 1
0.955968724107 1
0.904545507474 1
0.988216167477 1
0.994674457919 1
0.958205239191 1
0.980793628576 1
0 1
0.953108172588 1
0.983954764926 1
0.892450227099 1
0.955135826568 1
0.679061242433 1
0.946697783693 1
0.933333001712 1
0.870094097228 1
0 1
0 1
0.984212991913 1
0.989931878639 1
0.82272575808 1
0.941425567958 1
0.934128122525 1
0.972024938271 1
0.975332431414 1
0.587305859306 1
0.65628583007 1
0 1
0.807184111911 0
0.98782287243 1
0.730984842767 1
0.836487344474 1
0.973889161408 1
0.974244371972 1
0.962133048297 1
0.840014369982 1
0.951065208387 1
0.552958865347 1
0.807985465433 1
0.964365462116 1
0.944535075874 1
0 1
0 1
0.689778933724 0
0.934793774779 1
0.931889762826 1
0.956325544753 1
0.945018513561 1
0.953964692307 1
0.983921070614 1
0.950677053517 1
0.957690864278 1
0.975282845256 1
0.882341727508 1
0.716790763543 1
0.959408022404 1
0.977072168616 1
0.928281746763 1
0 1
0 1
0 1
0.625870620234 1
0.973443364376 1
0.747226401557 1
0.912832989539 1
0.987415760629 1
0.949021428467 1
0.970810124978 1
0 1
0.538258073174 0
0.839130802461 1
0.97404104989 1
0.983700322852 1
0.978431355182 1
0 1
0.802726346807 1
0.969760877792 1
0.970857468544 1
0.993529433339 1
0.969526607706 1
0.925702733503 1
0.923417297006 1
0 1
0.629817041258 0
0.852164195859 1
0.990456569442 1
0.952517940634 1
0.503288702573 0
0.976491523235 1
0.989344421864 1
0 1
0.899603701894 1
0.850952593445 1
0.991556658936 1
0.931227714377 1
0.906719410499 1
0.943932164602 1
0.956716433359 1
0.99119747351 1
0.977562619273 1
0.996859569454 1
0.992944546821 1
0.97045690638 1
0.97226272811 1
0.92057899978 1
0 1
0 1
0.982373082151 1
0.870022306081 1
0.855219331759 1
0.930315184639 1
0.993396538914 1
0.987185934875 1
0.51217209459 1
0.732182495798 1
0.985705235377 1
0.991460181224 1
0 1
0.918830865081 1
0.706599197847 1
0.979447599661 1
0.949998480968 1
0.994773176419 1
0.963010919382 1
0.948815081726 1
0.965022452086 1
0.952475182352 1
0.970906319511 1
0.968082257067 1
0.502035988747 0
0.985993275516 1
0.987629377563 1
0.95228515695 1
0.992696918376 1
0.946681835738 1
0.80019698941 1
0.976317211854 1
0.816880219952 1
0.819215283652 1
0.970518399376 1
0.574708710307 0
0.979862943823 1
0.897532071771 1
0.680341795867 1
0.98244536989 1
0.957407747556 1
0.987684163263 1
0 1
0.969538393858 1
0.989606142279 1
0 1
0.948188490675 1
0.925836669064 1
0.962569089577 1
0.992986999981 1
0.968670944076 1
0.977577288395 1
0.914306039484 1
0.958837225084 1
0.977816342621 1
0.566194160609 0
0.980349493114 1
0.949801649252 1
0 1
0 1
0 1
0.588942633534 0
0.844016656437 1
0.75046409578 1
0.882754178589 1
0.536983331631 0
0.954381972349 1
0.916665652767 1
0.924730824532 1
0.967046464808 1
0.696894688716 1
0.688036994736 1
0.964644988645 1
0 1
0 1
0.940081372241 1
0.977654404376 1
0 1
0 1
0.913106238854 1
0.97646699393 1
0.860081976315 1
0.940663676023 1
0.982078550431 1
0.978098837325 1
0.946319121913 1
0.978376121749 1
0.979307573489 1
0.735629486996 1
0.991112259926 1
0.997361337581 1
0.958253270326 1
0.793583697856 1
0.992312717828 1
0.953177442712 1
0.794398435446 1
0.985785342851 1
0.909533070957 1
0 1
0 1
0 1
0.643691351968 0
0.53525241273 0
0.979941659766 1
0.787603837956 1
0.990610543009 1
0.956547206537 1
0.989792160715 1
0.99006460928 1
0 1
0 1
0.969310695815 1
0.961990300836 1
0.966136487227 1
0.919234101739 1
0.905861131395 1
0.838608380848 1
0.974625189334 1
0.953092706391 1
0.959947173114 1
0.935278143059 1
0.990089043307 1
0.691567768447 1
0.987784754362 1
0.984265547637 1
0.934057878844 1
0.907551954652 1
0.965996081178 1
0.888478494868 1
0.957899893224 1
0 1
0.984812282427 1
0.914676224034 1
0.958417656181 1
0.954486086678 1
0.652969103825 1
0.9771100201 1
0.978079528236 1
0.990649889311 1
0.977919100749 1
0.859379156221 1
0.912329200067 1
0.936012375464 1
0.96163362109 1
0.733014669558 1
0.979356697655 1
0.983053079829 1
0.982379591865 1
0.601950536755 0
0.941230663241 1
0 1
0.905685228953 1
0 1
0.982146992455 1
0.819212321601 1
0.622743173663 1
0.988354458567 1
0.974728409052 1
0.969759587478 1
0.997427966241 1
0.995852717202 1
0.93389755423 1
0.810550016565 1
0.988913700481 1
0.97631166196 1
0 1
0 1
0.989390665107 1
0.986884832974 1
0.992433587117 1
0.98742325123 1
0.98060717892 1
0.977762505544 1
0.996488890827 1
0 1
0 1
0 1
0.987276469039 1
0.942787149037 1
0.986471942212 1
0.992074446565 1
0.962033058724 1
0.991998225588 1
0.975233548404 1
0.97200478161 1
0.971598618862 1
0.965239883418 1
0.990769502783 1
0.97994588537 1
0.993180775895 1
0 1
0.996399221751 1
0.979514806565 1
0.934902433069 1
0.976462259749 1
0.973473335514 1
0.985116431213 1
0.960292391753 1
0.986270705074 1
0.980155512801 1
0.968396569262 1
0 1
0 1
0 1
0 1
0 1
0 1
0 1
0.962329659041 1
0.984628102436 1
0.992775460348 1
0.987646738934 1
0.994779786027 1
0.961364905355 1
0.501890990984 0
0.944768057439 1
0.90035210571 1
0.95505214925 1
0.977755437976 1
0.960715376197 1
0.904272055103 1
0 1
0.936140845869 0
0.979706412535 1
0.813224067368 1
0.958657744073 1
0.967692532198 1
0.977095970025 1
0.97384739985 1
0.525873119574 0
0.889146647446 1
0.959575579041 1
0.928180620573 1
0.932935736268 1
0.995418026612 1
0.948544678246 1
0.989320475405 1
0.920398588538 1
0.932261395735 1
0.984494370067 1
0.880687526167 1
0.967887080429 1
0.918723702753 1
0.989107860462 1
0 1
0.557054908832 0
0.898513778444 1
0.898147534722 1
0 1
0 1
0 1
0 1
0 1
0.984296955116 1
0.882305595149 1
0.955596013828 1
0.910880049598 1
0.953000837498 1
0.977239540419 1
0.951953504707 1
0.992845886883 1
0.981543976066 1
0.989454817693 1
0 1
0.947134091503 1
0.97216550544 1
0.991480173715 1
0 1
0 1
0 1
0 1
0 1
0 1
0 1
0 1
0 1
0 1
0.833512851426 1
0.952452951705 1
0.958586504408 1
0 1
0.936605318183 0
0.51985355605 0
0.537721936297 0
0.99146583525 1
0.939477632316 1
0.959124734144 1
0.995014526735 1
0.982961776942 1
0.984769205916 1
0.943819806552 1
0.898329980838 1
0.966786716251 1
0.944541519315 1
0.913223515824 1
0.932393260236 1
0.976851643342 1
0.980614080793 1
0 1
0.549046770521 0
0.987720954119 1
0.9564559223 1
0.96972387741 1
0.892709010462 1
0.975807106569 1
0.987279169509 1
0.96615045451 1
0.995575690799 1
0.989913123872 1
0.988882993898 1
0 1
0.988821195588 1
0.921400756585 1
0.754151169299 1
0.970046098169 1
0.971998522289 1
0.963839659483 1
0.818238132538 1
0.947975258511 1
0.812493590998 1
0.916192884445 1
0.993446318012 1
0.977681935936 1
0.971474234067 1
0.944848622286 1
0 1
0.865849871473 1
0.604071038639 1
0.996374940749 1
0.982908050283 1
0.930070838331 1
0.983167765431 1
0 1
0.501892240966 0
0.979335418478 0
0.960373949635 1
0.502843969329 0
0.978050694401 1
0.972022001335 1
0.962216064529 1
0.992005604315 1
0.978181820095 1
0 1
0 1
0 1
0.522758513406 0
0.500175749993 0
0.8267509004 0
0.962432296841 1
0.941667508765 1
0.923316109312 1
0.952113471603 1
0.987198224723 1
0.988222547216 1
0.98327881108 1
0.97943235572 1
0.935089205701 1
0.988964455395 1
0.978411128819 1
0.847790023573 1
0.74394674447 1
0.595430467591 1
0.882964015512 1
0.920901778961 1
0.991104857524 1
0.984322545927 1
0.972612285698 1
0.917467802747 1
0.958428813659 1
0.981310975841 1
0 1
0 1
0 1
0 1
0.980160880478 1
0.531777111952 1
0.995072221299 1
0.987415437552 1
0.983276689983 1
0.709591932781 1
0.692045572436 1
0.902157140406 1
0.938867114185 1
0.967473912467 1
0.988745367364 1
0.992676045803 1
0.955642411603 1
0.913054413743 1
0.944053660492 1
0 1
0.771251081286 1
0.983612013691 1
0.876629887475 1
0.861365745134 1
0.947965393993 1
0.956172086721 1
0 1
0.980996262885 1
0.992315745627 1
0.941118715458 1
0.933201779122 1
0.972460228975 1
0.975418032867 1
0 1
0.972054399817 1
0.946504338641 1
0.885848355472 1
0 1
0.891531020145 1
0.85450479708 1
0.646134548241 1
0.841186922496 1
0.990479935641 1
0 1
0 1
0.948410585037 1
0.756771678962 1
0.981152562467 1
0.905907511701 1
0.956793101368 1
0.982496690535 1
0.98521363451 1
0 1
0 1
0.940228894958 1
0 1
0 1
0.702983556818 1
0.956124036153 1
0.98757210538 1
0.895089865517 1
0.915232816787 0
0.561681217319 1
0.567234797616 0
0.99450255375 1
0.985793355831 1
0 1
0 1
0.944497186765 1
0.976312078246 1
0.955682622316 1
0.963392402246 1
0.984731949061 1
0.809435134244 1
0 1
0.780864435093 1
0.987719498641 1
0.983548139295 1
0.599204831413 0
0.94382823677 1
0.988649835808 1
0.973295041367 1
0 1
0 1
0 1
0.556931532947 0
0.907415440534 1
0.970290279439 1
0.986651949523 1
0 1
0 1
0 1
0 1
0.939659043254 0
0.977838847279 1
0.994106515847 1
0.985355721479 1
0.989989819157 1
0.50562276296 0
0.582757606913 0
0.976016771579 1
0.779664961383 1
0.923377473397 1
0.83951367104 1
0.534525220824 0
0.99005920749 1
0.93953889773 1
0.822974437937 1
0.941594794146 1
0.854299538589 1
0.886821750569 1
0.924088173232 1
0.893985814787 1
0.967622428107 1
0.965788862747 1
0.994363710014 1
0.970661723516 1
0.977490233086 1
0.984465599446 1
0.910671121436 1
0.988790922885 1
0.965901221129 1
0.947153315506 1
0 1
0 1
0 1
0.786433515531 1
0 1
0 1
0.95934909775 1
0.979920262863 1
0 1
0.931181653426 1
0.711909063209 1
0.957461460772 1
0.964092948059 1
0.802139453028 1
0.989011275165 1
0.93692844277 1
0.988082296422 1
0 1
0 1
0 1
0 1
0 1
0 1
0 1
0 1
0 1
0.951483850868 1
0.975732962572 1
0.907614861474 1
0.965730564071 1
0.990531507803 1
0 1
0.960586097235 1
0.942208778703 1
0.869870812248 1
0.979607404211 1
0.984583767985 1
0 1
0.965805015987 1
0.934668951133 1
0.983824980978 1
0 1
0.98753120533 1
0.931344436345 1
0.933491245551 1
0.955885052616 1
0.970737435828 1
0 1
0 1
0.971200754268 1
0.916085017422 1
0 1
0 1
0.536107784431 1
0.926993697927 1
0.590988189228 1
0.948701076814 1
0.950097665506 1
0.986806321795 1
0.953880343937 1
0.669954217882 1
0.885915583715 1
0.986963204807 1
0.978420505347 1
0.987286464229 1
0 1
0.860867034643 0
0.992965504852 1
0.988517679239 1
0 1
0.966165200802 1
0.766418444041 1
0.83567464195 1
0 1
0.917352482692 1
0.556975455568 0
0.976672853962 1
0 1
0.675023799862 1
0.871604788497 1
0.969259220682 1
0.962863416194 1
0.981790240598 1
0.963497354334 1
0.987561717764 1
0.875838328654 0
0.552804115927 0
0.94721834778 1
0.983884532182 1
0.510418741665 0
0.989184525935 1
0 1
0 1
0.553053044877 0
0.990637422773 1
0.987316628725 1
0.990201401567 1
0.921408215666 1
0.977761874989 1
0.995647734497 1
0.929981356704 1
0.500452749876 0
0.94523710838 1
0.870022984581 1
0.993871177776 1
0.990930488632 1
0.968066278417 1
0.960402481652 1
0.856186265438 1
0.897614813589 1
0.920056430416 1
0.989864731229 1
0.916182287715 1
0.916038266655 1
0.986834440576 1
0.87863361022 1
0.966402378091 1
0 1
0.596144272093 1
0.977414771249 1
0.52461533464 0
0.978893462764 1
0.997930046424 1
0 1
0.967157596921 1
0.983275933559 1
0.983376096202 1
0.976334847464 1
0.959701111273 1
0.991094095534 1
0.917695964356 1
0.994957524926 1
0 1
0.938124014276 0
0.979661729887 1
0.96632146931 1
0.93838130152 1
0.968862083005 1
0 1
0 1
0 1
0.702447294054 0
0.502949215797 0
0.562238771829 0
0.935056360686 1
0.854528914733 1
0.931934369558 1
0.983577013969 1
0.982057030225 1
0.992502173322 1
0.951427224512 1
0.965823340505 1
0 1
0 1
0 1
0.653163274946 1
0.895281837849 1
0.966106047432 1
0.996605714711 1
0.78244211633 1
0.960518839973 1
0.923483533294 1
0.983861398168 1
0.965529607511 1
0.980705081258 1
0.641761552042 0
0.961555106568 1
0.974496096639 1
0.971180581154 1
0.950375051664 1
0.979121258373 1
0.910267868373 1
0.982556452661 1
0.989769311322 1
0.967282547772 1
0.87987341619 1
0.869264471173 1
0.964547592085 1
0 1
0 1
0.968622533932 1
0.882410643039 1
0.949184993485 1
0 1
0.830868075556 1
0.970469060162 1
0.989278989817 1
0 1
0.97244737102 1
0.995370241209 1
0.988235319709 1
0 1
0.945525028434 1
0.985435476828 1
0 1
0.603515553728 0
0.906634881419 1
0.972551246162 1
0.949479895966 1
0 1
0 1
0 1
0 1
0 1
0 1
0 1
0 1
0.864239426601 1
0.756698228184 1
0.958668879532 1
0.890479272244 1
0.917524424097 1
0.544814911275 0
0.969865917722 1
0.991563563077 1
0.526638004483 0
0.943263075693 1
0 1
0.954825679741 1
0.848205846484 1
0.617534857994 1
0.980764276642 1
0.995804172311 1
0.936175868679 1
0.905667118462 1
0.863005939196 1
0.802831632852 1
0 1
0.985667508606 1
0.97673306178 1
0.919669426722 1
0.951030617444 1
0.981197390694 1
0 1
0 1
0.965359598547 1
0.98564650062 1
0.931770530701 1
0.985665530681 1
0.988698489145 1
0.989046041648 1
0.921871288546 1
0.981753392918 1
0.986898662013 1
0.984514720695 1
0.982841648599 1
0.934369288843 1
0.981839554433 1
0.987207825963 1
0.972758518441 1
0 1
0.987462953506 1
0.981817877513 1
0.953547236218 1
0 1
0.990270349399 1
0 1
0 1
0 1
0.528752743 1
0.950478235316 1
0.988474774859 1
0.903034279907 1
0 1
0 1
0 1
0 1
0 1
0.738613958486 0
0.743333838999 0
0.63285210432 1
0.91487455769 1
0.640257283159 1
0.522450144957 1
0.653846432976 1
0.971581008118 1
0.971761936065 1
0 1
0.767644106003 0
0.813020600438 1
0.964395416018 1
0.992450044432 1
0.967374578602 1
0.739278322141 1
0.923007404373 1
0.982400507369 1
0.995470396601 1
0.985840907599 1
0 1
0 1
0.937646195568 1
0 1
0.97037870832 1
0.976977396006 1
0 1
0.910960382723 1
0.927565318142 1
0.974652626208 1
0.992199829998 1
0.950169587906 1
0.990280884421 1
0 1
0.885809519236 0
0.992923133305 1
0.989886819102 1
0.974251171105 1
0.989976709677 1
0.848838609998 1
0.687759180315 1
0.989873987082 1
0.942646906862 1
0.985034970043 1
0.973046612453 1
0.749618189233 1
0.95738641548 1
0 1
0 1
0.971706205608 1
0.880223358057 1
0.593678449611 0
0.992788609709 1
0 1
0 1
0.532067174782 1
0.92680859023 1
0.907186672729 1
0.956412963008 1
0.968863410385 1
0.968215286522 1
0.942322748751 1
0.989782224055 1
0.942989624374 1
0.960723489782 1
0.922107561758 1
0.963678714202 1
0.959721913218 1
0 1
0.937985601109 1
0.625164604971 1
0.728392689564 1
0.951831145001 1
0.92853737186 1
0.958536773442 1
0.98174561676 1
0.992359876104 1
0.958483165366 1
0.943761929372 1
0.912978331806 1
0.98453917068 1
0.861581744581 1
0 1
0 1
0.530091590109 0
0.973490476597 1
0.913909934094 1
0 1
0.980722217692 1
0.700945645287 1
0.69227952719 1
0.994976219005 1
0.966077711453 1
0.94922395148 1
0.988348379761 1
0.984128805674 1
0.988559079934 1
0.987467236219 1
0.908181629575 1
0.949577325486 1
0.949769647337 1
0.585923864989 1
0.976225499371 1
0 1
0.618752362293 1
0.964166058197 1
0.792208591915 1
0 1
0 1
0.95236892039 1
0.981201891739 1
0.979505835341 1
0.977361774425 1
0 1
0.896958335859 1
0 1
0.840065566026 0
0.782479904233 1
0.991974082598 1
0.838471229974 1
0.976024682222 1
0.992006920668 1
0.992340138292 1
0.967693720198 1
0.990044197115 1
0.971098320149 1
0.883952526865 1
0.622301865801 0
0.986228841811 1
0.994995137946 1
0.984442796296 1
0.967286946422 1
0.975371425168 1
0.972776399818 1
0.927282419435 1
0.524215789646 0
0.790250993575 1
0.978718293542 1
0.953892880216 1
0 1
0 1
0.982625731215 1
0.985276565923 1
0.977620320667 1
0.947946695884 1
0.516294727593 1
0.982055320906 1
0.887083549291 1
0.528211754253 0
0.961784638911 1
0.957775872594 1
0.930178011734 1
0.986940501087 1
0.949995488297 1
0.990562080723 1
0.985919002357 1
0.969428988406 1
0.553760134426 0
0.903895185947 1
0.971943817931 1
0.962960304451 1
0.978535717209 1
0.861063708288 1
0.9811955826 1
0.55807273657 0
0.983590302822 1
0.505359794689 0
0.9904907357 1
0.922741771742 1
0.983069448562 1
0.95829865119 1
0.920259714042 1
0.905464530271 1
0.976636190819 1
0 1
0 1
0.901273823674 1
0.982087278078 1
0.990551725929 1
0.990938780111 1
0.993102268098 1
0.988748549518 1
0.980452082213 1
0.974980330465 1
0.971510514435 1
0.982289841194 1
0.978751510914 1
0.994501181307 1
0 1
0.910781125805 1
0.990677913566 1
0.981887705729 1
0.991336326213 1
0.969296384051 1
0.971346481812 1
0 1
0 1
0 1
0 1
0 1
0 1
0.991357043125 1
0.957547885187 1
0.546796635808 1
0.926651534223 1
0.922452626455 1
0.99348606301 1
0.969891246361 1
0.938714378454 1
0.973119035065 1
0.995833252206 1
0 1
0.983503954936 1
0.982614015668 1
0.952368648216 1
0 1
0.987930216902 1
0.874512013167 1
0.874088241375 1
0.9825602229 1
0.990889541255 1
0.622939793304 1
0.957596760148 1
0 1
0.99458684329 1
0.886107070679 1
0.951837655087 1
0.974314311894 1
0.70746606776 1
0.966767830293 1
0.970608166866 1
0.812183976308 1
0.780049524334 1
0.970204774662 1
0.968940605729 1
0 1
0.740779699839 0
0.944152661457 1
0.626189252715 1
0.99160652698 1
0.98541440686 1
0.99112380956 1
0 1
0 1
0.822510529741 1
0.98222761115 1
0.922674162306 1
0.987312558267 1
0.985043738453 1
0.973355665203 1
0.944819277174 1
0.953085686893 1
0.994221747693 1
0.97380807299 1
0.9073544293 1
0.815177202305 1
0.994612619178 1
0.991528482333 1
0.836395546876 1
0.993747457957 1
0.870009979483 1
0.99127031517 1
0.96766128517 1
0.875672614357 1
0.950327254439 1
0.905905124979 1
0 1
0 1
0.543464766863 0
0.970997363123 1
0.978517751809 1
0.984916760945 1
0.958606468107 1
0.969602151459 1
0.959331856954 1
0.930776836096 1
0.97804622871 1
0.972428126773 1
0.976367519172 1
0 1
0.987496199376 1
0.967017580543 1
0.973850685104 1
0.977649248075 1
0.946502617063 1
0.952400074648 1
0.96943790771 1
0.908722296772 1
0 1
0 1
0.965974855205 1
0.988877715819 1
0.98850388022 1
0.972999258723 1
0.993901443824 1
0.986906624315 1
0 1
0 1
0.515771266433 0
0.979780240841 1
0.992348130601 1
0.965185522037 1
0.915503262223 1
0.97964885459 1
0 1
0 1
0 1
0 1
0 1
0.940580120932 1
0.88127250686 1
0.95109196205 1
0.834240529394 1
0.696779977217 1
0.985567215379 1
0.993549979128 1
0.921580463146 1
0.978935590778 1
0.980086286495 1
0.980959109911 1
0.958961449721 1
0.848072539421 1
0 1
0.660656910512 0
0.868889331348 1
0.988385609213 1
0.832796822891 1
0.98057495737 1
0.779342690908 1
0.940030431117 1
0 1
0.678086066702 1
0 1
0.93178693102 1
0 1
0 1
0.977510818765 1
0.901651252709 1
0 1
0 1
0.927820083763 1
0.926984087298 1
0.956545543921 1
0 1
0.720158307496 0
0.946065680723 1
0.949308520157 1
0 1
0 1
0 1
0.878494487438 1
0.975387130678 1
0.990440297672 1
0.521079497899 0
0.88456669524 1
0 1
0 1
0 1
0.521079248343 0
0.767465334709 0
0.982922995694 1
0.962572908553 1
0.990877544972 1
0.857144636412 1
0 1
0 1
0 1
0.979264732041 1
0.79558346283 1
0.979274050131 1
0.503875422391 1
0.993435886092 1
0.980069358075 1
0.931076355628 1
0.945578005308 1
0.835131773855 1
0.989084208815 1
0 1
0.508287990797 0
0.959238041274 1
0.960945477892 1
0.605302575413 0
0.988022067091 1
0.952143053044 1
0.979183517944 1
0.991074549894 1
0 1
0.539729567572 0
0.977956275441 1
0.984322407042 1
0.976890053463 1
0.991003843659 1
0.955358297715 1
0.87629087055 1
0.911366481297 1
0.904303300185 1
0.891708246981 1
0.973837184984 1
0.991019325106 1
0.994562518681 1
0.946825255717 1
0.947435755291 1
0.993077948681 1
0.950629719792 1
0.949625566891 1
0.911637680322 1
0.82354757117 1
0.878130134455 1
0.924266020436 1
0.978375465895 1
0 1
0.969213898772 1
0.596940921125 1
0.949333970568 1
0.927590576731 1
0.917290974366 1
0.772352381832 1
0.935289340751 1
0.863743534024 1
0.834342695489 1
0.957834069621 1
0.98057754769 1
0.929717830512 1
0 1
0 1
0 1
0 1
0.981561087331 1
0.978189181921 1
0.988779867315 1
0.989789300989 1
0.955261854864 1
0.985735174768 1
0.937702824915 1
0.928674341463 1
0.989379427672 1
0 1
0.986779370129 1
0.972935503051 1
0 1
0.97426190566 0
0.542980909919 0
0.534252516954 0
0.98229032829 1
0.990223101831 1
0 1
0 1
0 1
0.925975112246 1
0.963474346048 1
0.994759927005 1
0 1
0.78254627691 1
0.705718159295 1
0.961854412072 1
0.965293626943 1
0.943157928704 1
0.72147160282 1
0.990330374324 1
0 1
0 1
0.995185696659 1
0.632842810258 1
0.985453850822 1
0.988318088754 1
0.969478472045 1
0 1
0 1
0 1
0 1
0 1
0.522559672616 0
0.991147355596 1
0.937323976052 1
0 1
0.928807960917 1
0.983945858184 1
0 1
0.976013143066 1
0.990456569442 1
0.99145231189 1
0.515416861513 0
0.856222585368 1
0.960503592347 1
0.981917772139 1
0.962274155322 1
0 1
0.507818862569 0
0.989105414606 1
0.950945461381 1
0 1
0.984689658366 1
0.538521510965 1
0.99169607179 1
0.9045885839 1
0.988366641274 1
0.993603358473 1
0.555977601467 0
0.991019173804 1
0.964223504798 1
0.875178811466 1
0 1
0 1
0 1
0 1
0.898676157909 0
0.921746378596 1
0.927173647808 1
0.858077221392 1
0.549057912245 0
0.912439835642 1
0 1
0 1
0.86660654587 1
0.963852169544 1
0.987003493649 1
0.988596838935 1
0.987945446408 1
0.921860412136 1
0.946764857084 1
0.734733720743 1
0.8974668479 1
0.978308699875 1
0.982097531249 1
0.971528361211 1
0.964481329957 1
0.965988196859 1
0.840212227657 1
0.961779603165 1
0.774116849821 1
0.634060881323 1
0.700041397686 1
0 1
0 1
0 1
0 1
0 1
0.943976445729 1
0.54839873313 1
0.958048491404 1
0.996250712039 1
0.60151005835 0
0.504529876058 0
0.656745855712 1
0.92898826752 1
0.978847691368 1
0.927995148088 1
0.945095361546 1
0 1
0.77386810205 1
0.968216271289 1
0.958999881721 1
0.982021383428 1
0 1
0.990819957446 1
0.509811740271 0
0.977109214909 1
0 1
0.960513113293 1
0.967108359206 1
0.945555873164 1
0.987858354482 1
0.975307301266 1
0.970693800688 1
0.93272683773 1
0 1
0 1
0 1
0 1
0 1
0 1
0 1
0 1
0 1
0 1
0 1
0 1
0 1
0.918576181376 1
0.980567451151 1
0.994566448822 1
0.992092730068 1
0 1
0.976783549936 1
0.946563043524 1
0.975406880774 1
0.984378141593 1
0.959493807582 1
0.977776786204 1
0.519419476624 0
0.976377854112 1
0.98841060789 1
0.988309957966 1
0.925799170276 1
0.960265119175 1
0 1
0.980912151927 1
0 1
0.761815533215 1
0.94618016904 1
0.922037503355 1
0.520708646648 0
0.982936653624 1
0.524363190967 0
0.980360586318 1
0.991529549035 1
0.970075373414 1
0.989574279996 1
0.987855175601 1
0.96815593063 1
0 1
0 1
0.962960946465 1
0.986413795037 1
0.814652167747 1
0 1
0.821377181839 1
0.886748159278 1
0.940726214327 1
0.897164905006 1
0.937174885326 1
0.997157058406 1
0.984452043957 1
0.98591243432 1
0.976193356556 1
0.967356520881 1
0.994908098332 1
0 1
0.989653504264 1
0.840942832445 1
0.986683533485 1
0.982258378291 1
0.958413391674 1
0.79463907875 1
0.978911389104 1
0.967034129818 1
0.975510058765 1
0.967743702919 1
0.98572445606 1
0.974630505941 1
0.913361067926 1
0.982520595436 1
0.901838997867 1
0.968700640696 1
0.981324450786 1
0.981021246487 1
0 1
0 1
0.918381430314 1
0 1
0 1
0 1
0 1
0 1
0 1
0 1
0.969735384207 1
0 1
0.978838310019 1
0.972756636922 1
0.970874128644 1
0 1
0.845206368436 1
0.737947148338 1
0.688606155931 1
0.892314816416 1
0.631359147045 0
0.986651989032 1
0.893895460124 1
0.980764559626 1
0.991637680845 1
0.977806687832 1
0.743120288382 1
0.976217374771 1
0.981083722404 1
0.99677853054 1
0.964361716172 1
0.948363055309 1
0 1
0.632102686556 0
0.981361160527 1
0.980466049187 1
0.995311658418 1
0.860574406285 1
0.982963652608 1
0 1
0.979607444164 1
0.988853944806 1
0.992257023534 1
0.974426763305 1
0.867112751136 1
0.979189978423 1
0.904999135767 1
0.955427465617 1
0.936927851832 1
0.959367539989 1
0.985012384685 1
0.943186014372 1
0.965135184154 1
0.986485387428 1
0.938471441919 1
0.940689066995 1
0.936829151906 1
0 1
0 1
0 1
0 1
0 1
0.717672582619 0
0.834726851946 1
0.918368536786 1
0.923564542903 1
0.60116532566 1
0.994494516561 1
0.983973431187 1
0.953342253381 1
0 1
0.928430266071 1
0.975147829822 1
0.988509424511 1
0.987013110834 1
0.849614663557 1
0.766864268683 1
0.95043383005 1
0.665788939146 1
0.664477500159 1
0.651238584705 1
0.983877094143 1
0.943081431017 1
0.986678631697 1
0.741094304812 1
0.967924202276 1
0.793525212052 1
0.993739879204 1
0 1
0.957703828482 1
0.960629727155 1
0.732063255465 0
0.984332218648 1
0.956151925017 1
0 1
0 1
0.908376071268 1
0.844931813902 1
0.97036165845 1
0.982076332662 1
0.985224716459 1
0.856195869416 1
0.95721580054 1
0.864860424731 1
0.919451884438 1
0.990657046653 1
0.989514229522 1
0.910489790937 1
0.974099243137 1
0.99120309066 1
0.971271656914 1
0.636291946871 1
0.966005113125 1
0.865913278819 1
0.947767137999 1
0.989887960281 1
0 1
0.947117866115 1
0.816599577804 1
0.990664476022 1
0 1
0.943585938466 1
0.975489839537 1
0.963338510679 1
0 1
0 1
0 1
0 1
0 1
0 1
0 1
0 1
0 1
0 1
0.971353828676 1
0 1
0 1
0 1
0.94569131236 1
0.932084298037 1
0.974850276642 1
0.964283618076 1
0.795909181136 1
0 1
0 1
0 1
0 1
0 1
0 1
0 1
0 1
0 1
0 1
0.597738982652 0
0.541022579864 1
0.580707154084 1
0.971758533223 1
0.953105446241 1
0.931261265148 1
0.986343027566 1
0.980992515362 1
0 1
0.957828940051 1
0 1
0 1
0.960095091622 0
0.885307153932 1
0 1
0.982733690613 1
0.934981931724 1
0 1
0.952792708333 1
0.969203841669 1
0.975363881132 1
0.910463218991 1
0.988069949203 1
0.964460735695 1
0.976426378491 1
0.99531097708 1
0.989749891647 1
0 1
0 1
0 1
0 1
0.673015369849 0
0.991431354136 1
0.984441295337 1
0.986847309664 1
0.569985746852 1
0.964580849306 1
0.956493514938 1
0.913129880228 1
0.957621360079 1
0.986712434883 1
0 1
0.973680548389 1
0 1
0 1
0 1
0.955418351363 1
0.972754198709 1
0.974846280027 1
0.950443345276 1
0.962358359549 1
0.984456987091 1
0.97049550081 1
0.982924472745 1
0.992127609712 1
0 1
0.877005540471 1
0 1
0.530405686308 0
0.976563016154 1
0 1
0 1
0.578207667343 1
0.57945706708 1
0.847101471553 1
0.961493731526 1
0 1
0 1
0 1
0 1
0.919046588997 1
0.98694624831 1
0.970523520571 1
0.95403446846 1
0.979406756474 1
0.990240764088 1
0 1
0 1
0.554377084577 0
0.923150406873 1
0.939516001035 1
0.950692806236 1
0.989567065927 1
0 1
0.940087906 1
0.953371513019 1
0.947108048474 1
0 1
0 1
0.91646820216 1
0.963622494084 1
0.921727045573 1
0.99324212517 1
0.875998965317 1
0.987604269723 1
0.98635089208 1
0.989642450063 1
0.986965469176 1
0.799761435601 1
0.893645090341 1
0.859218958187 1
0.990622849927 1
0.995832667101 1
0.968795069749 1
0.897690608251 1
0.722149503629 1
0.988477372036 1
0.984849062766 1
0.952886176098 1
0.947809200889 1
0.979140608942 1
0 1
0 1
0 1
0 1
0.685275005198 1
0.946115561807 1
0.940562681117 1
0.858378847856 1
0.989760295234 1
0.996901988486 1
0.970877691404 1
0.92596606377 1
0.826994835001 1
0.915259656202 1
0.86562600144 1
0.944497606141 1
0.937049181126 1
0.984813733193 1
0 1
0.539953138968 0
0.981257624325 1
0.945746445803 1
0.97139022988 1
0.641002745676 1
0.96494757583 1
0.687472636768 1
0.931138385227 1
0.987899485681 1
0.974948061755 1
0.979884913029 1
0.95936609765 1
0.977200628216 1
0.978969588059 1
0.9641852975 1
0.986138396136 1
0.515186577396 0
0.988947908792 1
0.534669526575 0
0.788925210028 1
0.913645837372 1
0.920940740493 1
0.917880597659 1
0 1
0.991631741403 1
0.959013719812 1
0.989838643536 1
0 1
0.976058589539 1
0.979971770259 1
0.940753921178 1
0 1
0 1
0 1
0 1
0.97709142656 1
0.949734761858 1
0.985996796766 1
0.841581954053 1
0.9419650633 1
0.553984993371 0
0.968137211486 1
0.959746529729 1
0.991475289824 1
0 1
0.788520276927 0
0.505845233695 0
0.875041649623 1
0.96279445008 1
0 1
0 1
0 1
0 1
0.89627415221 1
0.950311391037 1
0.543449632063 0
0.979114552074 1
0.937666012536 1
0.987449477063 1
0.95408101758 1
0.949497545205 1
0.949445971936 1
0 1
0.934490359769 1
0.948873037298 1
0.978637494779 1
0.971108001474 1
0.97840620666 1
0.956242478439 1
0.978558557196 1
0.984673865849 1
0.651346008037 1
0.988409164461 1
0.978780835653 1
0.931278930832 1
0.954523606174 1
0.949114623929 1
0.965727916369 1
0.847519741813 1
0.93486755167 1
0.81552663612 1
0.880724193171 1
0.966706668951 1
0.965289673509 1
0.982140187882 1
0.971678561784 1
0 1
0.550513336948 0
0.534491133965 0
0.950868528006 1
0 1
0 1
0.975184155735 1
0.984567959118 1
0.882617904969 1
0.97346377933 1
0.973005116694 1
0 1
0 1
0 1
0 1
0 1
0 1
0 1
0 1
0 1
0.932882347204 0
0 1
0 1
0.594709028281 0
0.954057923958 1
0.989936133553 1
0 1
0.614955264294 0
0.683654564382 1
0.889866481852 1
0.983162816592 1
0.755873223102 1
0.978370281843 1
0.898189332809 1
0.933077872832 1
0.976129363105 1
0.918800430953 1
0.967758152718 1
0.980174274016 1
0.964043169184 1
0.960948029802 1
0 1
0.54916140413 0
0.725015838628 0
0.983400403868 1
0.964342499362 1
0.926580203381 1
0.838300641835 1
0.986154079922 1
0 1
0.973914146536 1
0.958833988554 1
0.919420699622 1
0.988413929392 1
0 1
0.687594016424 0
0.903782023435 1
0.982767594237 1
0.962899335727 1
0.980437625967 1
0.906206614934 1
0.975333032883 1
0.933614131042 1
0.516478779688 0
0.964626226081 1
0.538740943197 0
0.947425296047 1
0 1
0 1
0 1
0 1
0.652068273933 0
0.577530256008 0
0.937849346971 1
0.949732947759 1
0.929039772102 1
0.992885892775 1
0.99204680063 1
0.966546273841 1
0.971712033595 1
0.990538183205 1
0.939445783208 1
0.939598175525 1
0.939818399584 1
0 1
0.913061240701 0
0.882701797831 1
0.984525480326 1
0.85844484459 1
0.994322778837 1
0.911550965366 1
0 1
0.933970361781 1
0.988096148428 1
0.541807407945 0
0.936697229113 1
0 1
0.79032060192 0
0.967249270413 1
0.889629578951 1
0 1
0 1
0.983311498399 1
0.782007726256 1
0.994451711281 1
0.93867081401 1
0.954050866586 1
0.989785146406 1
0.930623590507 1
0.815604101645 1
0.903510801875 1
0.755923226965 1
0.987867742375 1
0 1
0.980626566489 1
0.962592681972 1
0.99614548067 1
0 1
0.927183505504 1
0.95744296596 1
0 1
0.834322100434 1
0.946980011409 1
0.974246278916 1
0.528526487771 0
0.973787201067 1
0.874404208109 1
0.911834678931 1
0.990476087663 1
0.979738794473 1
0.996191029146 1
0.964367042859 1
0.989828953012 1
0.978733763834 1
0.984583934948 1
0.955088838021 1
0.982192157171 1
0.961350417203 1
0.973676832257 1
0.913455347553 1
0.723547063738 1
0.950479741514 1
0 1
0.538165864892 0
0.975273876157 1
0.981311140898 1
0.971160338313 1
0.889470805929 1
0.936743523131 1
0.928865929627 1
0.943505291806 1
0.94476367404 1
0.957639537398 1
0.544378907762 0
0.943095868906 1
0.963445935858 1
0.934919775983 1
0.970826244882 1
0 1
0 1
0.9053464239 1
0.876582942734 1
0.960517019658 1
0.909664143931 1
0.941176984234 1
0 1
0.955217644367 1
0.812164450259 1
0.975291883476 1
0.943469781483 1
0.986750926134 1
0.950994605211 1
0.984874080493 1
0.996082034093 1
0.923673396858 1
0.938780619176 1
0.969492938216 1
0.946597984522 1
0.975737674077 1
0.804943369928 1
0.926745071835 1
0.99266314427 1
0.939642711608 1
0.994988186308 1
0.993807932969 1
0 1
0 1
0.697561767755 0
0.926157372797 1
0.98183659431 1
0.955594189204 1
0.945004690958 1
0.981829602259 1
0.985584033275 1
0 1
0.938759006301 1
0.914959329724 1
0.969126232525 1
0.943805912654 1
0.958352566991 1
0.994379727483 1
0.950764336638 1
0.977761135695 1
0 1
0 1
0.88364062656 0
0.934070566024 0
0.858184963165 1
0.902275093468 1
0.81914418399 1
0.958803663856 1
0.87386542552 1
0.882704696901 1
0.890005864373 1
0.970052199466 1
0.929221838279 1
0.873348781581 1
0.979526421293 1
0.752699894362 1
0.839872268453 1
0.947825572013 1
0.93345758739 1
0.988192644753 1
0.569618790788 0
0.960656268391 1
0.978565228364 1
0.950648442634 1
0.990660498383 1
0.977349004358 1
0.974613711655 1
0.958720477273 1
0.965971108119 1
0.988510037856 1
0.940284956446 1
0.960979127729 1
0.993629699761 1
0 1
0.953149853519 1
0.858252981818 1
0.947003654808 1
0.966001763363 1
0.950090458375 1
0.981860831978 1
0.964685755606 1
0.949260376676 1
0.966619918301 1
0.564696271461 0
0.916208930797 1
0.864024805178 1
0 1
0 1
0 1
0.818391417181 1
0.983842269737 1
0.974114200267 1
0 1
0 1
0.959441423419 1
0.970759612968 1
0 1
0.91496205299 1
0.968262061133 1
0.829693273831 1
0.976715283744 1
0.823924932437 1
0.980631049533 1
0.970689817797 1
0.983036795597 1
0.938943864494 1
0.921321925964 1
0.756723265729 1
0.853530242323 1
0.987865524937 1
0 1
0.60512982935 1
0.875647680962 1
0.8609937082 1
0.973501803414 1
0 1
0 1
0.952149113045 1
0 1
0 1
0 1
0.616848505086 1
0.972701938223 1
0.57302233746 1
0.975185196314 1
0.863218254 1
0 1
0 1
0 1
0 1
0 1
0 1
0 1
0 1
0 1
0.985029750805 1
0.505855482291 0
0.769053063791 1
0.50934366212 0
0.985686906254 1
0.58926336389 1
0.984257693862 1
0 1
0.964349066514 1
0.889080788984 1
0.898353085815 1
0.983463492425 1
0.974865350327 1
0.986839415671 1
0 1
0.549330992874 1
0.986760727707 1
0.972029968436 1
0.755837791814 1
0.994013560376 1
0 1
0 1
0 1
0 1
0.858803426731 1
0.992352670069 1
0.988245186324 1
0.984935111633 1
0.985087357765 1
0.988250946781 1
0.970618463708 1
0.921719253418 1
0.889353661427 1
0 1
0.73985941654 0
0.759606249465 1
0.984899265762 1
0.985354696926 1
0.873324777117 1
0.990655019445 1
0.954266503858 1
0.985100646612 1
0.961001020809 1
0 1
0.790818303327 1
0.935734569602 1
0.977539006217 1
0.99672628902 1
0.857410264326 1
0.985153392946 1
0 1
0 1
0.533173694428 1
0.908961065966 1
0.954353708487 1
0.96739694794 1
0.949459889634 1
0.986646443393 1
0.971423671562 1
0 1
0 1
0.543315896496 0
0 1
0 1
0.992419441768 1
0.976599402875 1
0.971777490767 1
0.894010359054 1
0.592440617894 0
0.970948406585 1
0.57729674117 0
0.989947892561 1
0.988357519809 1
0 1
0.751048475345 0
0.917243240714 1
0.974329973478 1
0.940593309401 1
0.954522607773 1
0.984832595672 1
0.795703132777 1
0.973074503836 1
0.977018454129 1
0.502023238957 1
0.93299108654 1
0.965427819083 1
0.885999949275 1
0.973301980302 1
0.872116240953 1
0.953148111935 1
0.975362030817 1
0.990573824977 1
0.530290113651 1
0.971859543023 1
0.987028765392 1
0.530333453779 0
0.860943313771 1
0.975243521666 1
0.973230141234 1
0.967040983141 1
0 1
0.907147681236 0
0.950951245433 1
0 1
0.933220477558 1
0.961534621677 1
0.949718432731 1
0.838714192117 1
0.874412005228 1
0.906658918696 1
0 1
0.993619995293 1
0.902369311749 1
0.978209590277 1
0.962368827102 1
0.984931297807 1
0.606660686155 0
0.94510599805 1
0.989589218764 1
0.985750549702 1
0.627766748512 1
0.521156859646 0
0.979597473405 1
0.919307126492 1
0.599092191884 1
0.95950049191 1
0.976732266371 1
0 1
0.529897042745 0
0 1
0.992679868997 1
0.940048524365 1
0.730418125671 1
0.871383492148 1
0.990790394615 1
0.990436538019 1
0 1
0 1
0 1
0.964176628955 1
0.986816746433 1
0.989362791495 1
0.977009066739 1
0 1
0.981392522713 1
0.749341431274 1
0 1
0.993170134484 1
0.824849739664 1
0.965876774128 1
0.974489410206 1
0.922596073077 1
0.996290057279 1
0.980568670629 1
0.971461650105 1
0.966418673624 1
0.964007274772 1
0.976157215034 1
0 1
0 1
0 1
0 1
0.926685443268 0
0.702879982745 0
0.943298119706 1
0.806605725095 1
0.992921313136 1
0.891289509212 1
0.694711622946 1
0.940019211864 1
0.840402778579 1
0.963513634644 1
0.813120911659 1
0.982706860424 1
0.575604746865 1
0 1
0.724903979134 0
0.526293223189 0
0.671694048654 1
0.900488752834 1
0.997735847404 1
0.98111563507 1
0 1
0.738598126979 0
0.816906695353 0
0.98593136651 1
0.96054624874 1
0 1
0 1
0 1
0 1
0 1
0.950918585043 1
0.952170203456 1
0 1
0.947843322519 1
0.982456697227 1
0.834936027877 1
0.768947190989 1
0.984147584752 1
0.964880848086 1
0 1
0.898844853443 0
0.93956814597 1
0.987813353941 1
0.830314807005 1
0.959351710563 1
0.945481849074 1
0.845149709468 1
0 1
0 1
0 1
0.997716867198 1
0.992390724941 1
0.947906367277 1
0.869165569343 1
0.894319811662 1
0.986894303991 1
0.97219355265 1
0.738427609431 1
0 1
0 1
0 1
0 1
0 1
0 1
0 1
0.514669039166 0
0.934314321758 1
0.951785229773 1
0.949973679429 1
0 1
0.591386485868 0
0.935734810143 1
0.915584683553 1
0.98800925544 1
0.823700828245 0
0.915399623503 1
0 1
0 1
0.929435944179 1
0.981986834602 1
0.983357171506 1
0 1
0.93977307924 0
0.681072726478 0
0.942067151346 1
0.961664194845 1
0.91992216765 1
0 1
0 1
0.702738996637 1
0.977041614629 1
0.573944724413 1
0.994638214328 1
0.893316839828 1
0.974301570618 1
0 1
0 1
0.927852021924 1
0.976938879806 1
0.978473837641 1
0.839384422449 1
0.947958191779 1
0.964610219155 1
0.985477569777 1
0.943673227822 1
0.986082088535 1
0.783402191184 1
0.516684053681 0
0.944696316399 1
0 1
0.987082173052 1
0.975086199744 1
0.988720156905 1
0.965394460007 1
0.534110682932 0
0.98188676314 1
0.968445072201 1
0 1
0.975941329029 1
0 1
0.741477866807 0
0.988745256084 1
0.97655651517 1
0 1
0 1
0 1
0.765462188248 1
0.943471434831 1
0.96272945155 1
0.961831363752 1
0.977778937308 1
0.960730054948 1
0 1
0.829410482766 0
0.97374694253 1
0.848253478842 1
0.949365706484 1
0.988172488907 1
0.969910922422 1
0.981060789093 1
0.983950280578 1
0 1
0 1
0 1
0 1
0.967091241243 1
0.939687500335 1
0.971462620426 1
0.991238134815 1
0 1
0.979821623945 1
0.910068941794 1
0.991894838411 1
0.978318141115 1
0.980258687838 1
0.971505033712 1
0.991598024907 1
0.970318718537 1
0.943149082234 1
0 1
0.717743291155 0
0.955130084133 1
0 1
0 1
0.535505638519 0
0.982797679635 1
0.988248926293 1
0.899927834905 1
0.966045744651 1
0.958596705699 1
0.928037901273 1
0.970800772042 1
0.990709592222 1
0.995542980375 1
0.994818511759 1
0.976351292726 1
0.946544628884 1
0.973427823275 1
0.986221356392 1
0.886873530602 1
0.97242397066 1
0.9699619811 1
0.991746433064 1
0.96552611271 1
0 1
0.984931535272 1
0.849252717755 0
0.781947884787 0
0.932804477512 1
0.968990253643 1
0.932673922301 1
0.946147976465 1
0.647875558854 1
0.719110969017 1
0.991673865618 1
0.960637025816 1
0 1
0 1
0 1
0.868337999175 0
0.924873457475 0
0.598195987522 1
0.958898948797 1
0.895678214572 1
0.827567383075 1
0.909436918823 1
0.991150952324 1
0.988534171115 1
0.993881512066 1
0.946565370223 1
0.79589228709 1
0.975670824701 1
0.969426202459 1
0.975590392174 1
0.967869296949 1
0.953183155047 1
0.983935650514 1
0 1
0 1
0.929122660845 1
0.994987448223 1
0.965737149374 1
0.984193853502 1
0 1
0 1
0 1
0 1
0.986661125816 1
0.998538302382 1
0 1
0.889159854452 1
0.904686584824 1
0.969896881877 1
0.956083661709 1
0.981924713138 1
0.985544424275 1
0 1
0 1
0 1
0.992762351853 1
0.716481286666 1
0.868390237874 1
0.954178178749 1
0 1
0 1
0 1
0.989007601183 1
0.837729831666 1
0.959708690868 1
0.965288132222 1
0 1
0.921043049229 0
0.503469194328 1
0.979942072538 1
0.991537993953 1
0.988987993348 1
0.986637217583 1
0.987675937581 1
0.982453180832 1
0.960320941963 1
0.976196191658 1
0.949987554522 1
0.98366038222 1
0.888343272035 1
0.591546930737 0
0.982196529325 1
0.985205736724 1
0.971268113018 1
0 1
0 1
0 1
0.920209359631 1
0 1
0.952764273619 1
0.963526077511 1
0.987388755486 1
0.934858295746 1
0.964845488058 1
0.98967327839 1
0.983410146514 1
0 1
0 1
0 1
0 1
0.988488232897 1
0.976477975488 1
0.923234433054 1
0.979176321473 1
0.951525333965 1
0 1
0.753622561839 1
0.982474044981 1
0.951917724924 1
0.98297366389 1
0.986036712172 1
0.933088924494 1
0 1
0 1
0.966443167481 1
0.979403932602 1
0 1
0.949224674443 1
0.983515567246 1
0.986499858298 1
0.967542882802 1
0 1
0.788642649946 0
0.896131082109 1
0.968749842442 1
0.97079238027 1
0.990957580981 1
0.992154688976 1
0.943924543026 1
0.947383937889 1
0.509004026505 0
0.944112627097 1
0.978686986187 1
0.960838980903 1
0.959540381581 1
0 1
0 1
0 1
0 1
0.977124218227 1
0.879696368227 1
0.675103424903 1
0.516406857553 0
0.997195968204 1
0.949390312898 1
0.994017867071 1
0.97763138868 1
0 1
0 1
0.61946923249 0
0.561463322485 0
0.988461016129 1
0.701678592543 1
0.987483067226 1
0 1
0.505505777451 0
0.958851786459 1
0.977352833903 1
0.990885423812 1
0.966392538647 1
0.960224730442 1
0.976935838154 1
0.979966902159 1
0 1
0.995412404054 1
0.972576488649 1
0.976287042143 1
0.557393662767 0
0.991038173526 1
0.963582932281 1
0 1
0.947049758392 1
0.96490862385 1
0.836516886 1
0.992120334882 1
0.988129506671 1
0.863353626744 1
0.990898952075 1
0.550159707715 0
0.982287301125 1
0.984124056708 1
0.88652049537 1
0.971522745489 1
0.952929300567 1
0.993275890764 1
0.956851890053 1
0.948451424579 1
0.834296526537 1
0.917621158648 1
0 1
0.511494224578 0
0.721839192838 0
0.836058783745 1
0.796147211586 1
0.742854476072 1
0.981001780308 1
0.991852344235 1
0.993883737329 1
0.990461899095 1
0.930846968894 1
0.984516839674 1
0.995767323146 1
0.941660477352 1
0.501419246188 0
0.923354051363 1
0.991777610183 1
0.880049394627 1
0.981441035459 1
0.981126211507 1
0.506819577079 0
0.962256907798 1
0.964671137886 1
0.951848426985 1
0.983187149775 1
0.969159367298 1
0.871117866725 1
0.98538739002 1
0.853769736317 1
0.987904146889 1
0.686519398297 1
0.978908725879 1
0 1
0.994410676408 1
0.981927623674 1
0.975913231136 1
0.978421666576 1
0.538687515438 0
0.959905935888 1
0.986651067112 1
0.970360277943 1
0.690308081321 1
0.968689056493 1
0.934188706396 1
0.985454983208 1
0 1
0 1
0 1
0 1
0 1
0.875256351818 1
0.967410349817 1
0.988264663081 1
0.972227621286 1
0 1
0.990414424028 1
0.946861795923 1
0.974193285022 1
0.977417353895 1
0.954261703004 1
0 1
0.58086005576 0
0.848382024904 1
0.930347916091 1
0.948432940527 1
0.871970177707 1
0.875936818579 1
0.909198364865 1
0.807005532314 1
0.99141474703 1
0.993246640986 1
0.645000566182 1
0.922760091126 1
0.987414778947 1
0.541665900856 0
0.972085595069 1
0.941424685656 1
0.986347768356 1
0.997449077401 1
0.969074367955 1
0.989565341664 1
0.802722546217 1
0.964098971058 1
0 1
0.967267828709 1
0 1
0 1
0.500676749587 0
0.978612183683 1
0.566686559851 1
0 1
0 1
0 1
0.983644124839 1
0.987527510793 1
0.967826415823 1
0.957461949517 1
0.985542116142 1
0 1
0.574704555185 0
0.991840278126 1
0 1
0 1
0 1
0 1
0 1
0.94121627956 1
0.976710461838 1
0.989100435018 1
0 1
0 1
0.989976024979 1
0.914176829658 1
0.74210419288 1
0.945324782034 1
0.852625569581 1
0.99540344492 1
0.949472028663 1
0.945056119413 1
0.98426091639 1
0 1
0 1
0.871440527185 1
0.833029791313 1
0.89201320643 1
0.95573557616 1
0.856284619386 1
0 1
0.866517856012 1
0.995202479541 1
0.981409680512 1
0.960932791024 1
0.696639459204 1
0.928089908319 1
0.983063022816 1
0.975427526246 1
0.964660332702 1
0 1
0 1
0 1
0 1
0.971778505512 1
0.885546972148 1
0.899108043275 1
0.980073986966 1
0 1
0.77399634856 1
0.965856366727 1
0.974461875948 1
0.853802318369 1
0.514636317292 0
0.533814555558 0
0.952180312789 1
0.995140077416 1
0.837660899014 1
0.975611672642 1
0.548646131052 1
0.982561662235 1
0.990796624757 1
0.710015432568 1
0.978146299866 1
0.928886013509 1
0 1
0.954360503788 0
0.9897571124 1
0.993573097889 1
0.996255710191 1
0.989523221541 1
0.968348147456 1
0.994991032906 1
0.937685122448 1
0.976960115388 1
0 1
0.762512516066 0
0.976204369777 1
0 1
0.625493083294 0
0.699425785827 1
0.941381051323 1
0.606508911319 1
0.749250886888 1
0.92601759905 1
0.989816864792 1
0.989340794793 1
0 1
0 1
0 1
0 1
0.863825073082 1
0.511213619353 0
0.960333133649 1
0.992755544232 1
0.987017314542 1
0.926183835321 1
0.879016447233 1
0.968215348071 1
0.984918023631 1
0.840047024109 1
0.990887428587 1
0.957470175927 1
0.923581060046 1
0 1
0.810258697852 0
0.974969058109 1
0.895996224698 1
0.99195282937 1
0.939248539135 1
0.892290887897 1
0 1
0 1
0.967159248597 1
0.829732834835 1
0.966403319674 1
0.976856346278 1
0.980703832325 1
0.52199504576 0
0.971873897467 1
0.810140597751 1
0.929019332673 1
0.980703415996 1
0.966298224951 1
0.825136910115 1
0.993684381875 1
0.966589994915 1
0.886825564533 1
0.549958495025 0
0.867066537814 1
0.823587965654 1
0.906923215788 1
0.97364092609 1
0.962610573839 1
0.970096006238 1
0.726191739158 1
0.982507675995 1
0.964343496544 1
0.983535043585 1
0.892793075989 1
0 1
0.88536765692 0
0.561679247754 1
0.984955752105 1
0.984725076572 1
0.994506057131 1
0.72039705861 1
0.523961880368 0
0.949426385031 1
0.967150290467 1
0.994779225157 1
0.985488313818 1
0 1
0 1
0.967737459169 1
0.990443080955 1
0.526854383548 0
0.92934124669 1
0.982267977938 1
0.990776194735 1
0.968678712116 1
0.944039398369 1
0.521086984564 0
0.988489518681 1
0.965621282014 1
0.978160318201 1
0 1
0 1
0.923283108385 1
0.866567352722 1
0.952740550581 1
0.942493497948 1
0.630957338564 1
0.518127301578 0
0.948179204871 1
0 1
0 1
0 1
0.915668273057 1
0.977617169899 1
0.978494995566 1
0.966255993945 1
0.9914338174 1
0.991335845238 1
0.986157397503 1
0.983713000893 1
0 1
0 1
0 1
0.94641855066 1
0.846577604258 1
0.984356428658 1
0.922677729559 1
0.946267893234 1
0.994705135719 1
0 1
0 1
0 1
0.976521943438 1
0.933417077275 1
0.834429614419 1
0 1
0.763332226543 0
0.978121126013 1
0.970466452094 1
0.928726254848 1
0.922786672101 1
0.995248442794 1
0.540574085989 0
0.890743969229 1
0.557666995569 1
0.611548038603 0
0.518393196462 0
0.978340359896 1
0.988482382496 1
0 1
0.983850883466 1
0.983957448628 1
0.982036278513 1
0.865860905707 1
0.981838805531 1
0.991972354767 1
0.98941688544 1
0 1
0.992792009621 1
0.524837041116 0
0.965286322801 1
0.958944169663 1
0 1
0.969415530601 0
0.505460032952 0
0.980415691541 1
0.978145765457 1
0.973765112296 1
0 1
0.723334384826 0
0.989070045345 1
0.982201319995 1
0 1
0 1
0 1
0 1
0 1
0 1
0.871698651617 1
0.843384869024 1
0.987892921126 1
0.959821334058 1
0.966917636437 1
0.979869848707 1
0.947611176989 1
0 1
0.986990775363 1
0.973535781388 1
0.988620071974 1
0.953704097732 1
0.995931762967 1
0.991460841616 1
0.957505670511 1
0.980743437839 1
0.525525789611 0
0.939200247822 1
0.545149431701 0
0.904333757522 1
0.986087700618 1
0 1
0.98993949039 1
0.841910049371 1
0.9906776088 1
0.695456175869 1
0.968299500411 1
0 1
0 1
0 1
0 1
0 1
0 1
0.739732945493 0
0.60669003646 1
0.829133694129 1
0 1
0.521149872175 0
0.944246970313 1
0.960481659246 1
0.977110288491 1
0.98770879565 1
0.9893978425 1
0.969071940355 1
0.971901028432 1
0.934251326975 1
0 1
0.619865410093 1
0.717318676047 1
0.932588347442 1
0.99210705737 1
0.622034350512 1
0.939443280114 1
0.959757500105 1
0.985499478741 1
0.772899784981 1
0.930659091926 1
0.681150266388 1
0.967349730954 1
0.97208670759 1
0.991484860654 1
0.982453715231 1
0.847327865531 1
0.786954219285 1
0 1
0.880746881908 1
0.940219452909 1
0.96905236296 1
0.979726185444 1
0.941091944658 1
0.946596973508 1
0 1
0 1
0 1
0.982494145206 1
0.986236513259 1
0 1
0 1
0 1
0 1
0.694628478346 0
0.947422954899 1
0.97759902267 1
0.938205056806 1
0.987373729301 1
0.873299551647 1
0.682420747916 1
0.99295980978 1
0.985912670433 1
0 1
0 1
0 1
0 1
0 1
0 1
0 1
0 1
0.971026214712 1
0.906136469577 1
0.526541278803 0
0.972334076818 1
0.503378198595 1
0.989081844098 1
0.988686426269 1
0 1
0 1
0.94620567589 1
0.958796790447 1
0.965162194421 1
0.870761547086 1
0.971581919278 1
0.950200354675 1
0.974169818342 1
0.975400427096 1
0.88084966973 1
0.97118088903 1
0.99074898562 1
0.960951594703 1
0.98485834107 1
0.956267284508 1
0.953969830213 1
0.975876109857 1
0.97112452261 1
0 1
0 1
0.953899169127 1
0.968359792388 1
0.9499333164 1
0 1
0 1
0 1
0.582474794905 0
0.561743749977 1
0.869489321327 1
0.699686405746 1
0.876490414527 1
0.943473354792 1
0.574288745338 1
0.934153592515 1
0.968160154072 1
0.92732650616 1
0.935484737074 1
0.993300604212 1
0.595570900408 0
0.939885218494 1
0.982069131857 1
0.991433231377 1
0.990890164128 1
0.594222777645 0
0.967020132014 1
0.82640816066 1
0.94111915877 1
0 1
0.774071033223 0
0 1
0.965250014654 1
0 1
0.568269934975 0
0.991701439272 1
0 1
0.977016231138 1
0.916429917071 1
0.934313339814 1
0.931756288701 1
0.91978954349 1
0.897417698733 1
0.964663468919 1
0 1
0 1
0.9053464239 1
0.876582942734 1
0.960517019658 1
0.909664143931 1
0.862310943517 1
0.954196232623 1
0.987399571867 1
0.955172664333 1
0.830299871916 1
0 1
0 1
0.705070613729 1
0.841671125935 1
0.970849545391 1
0.845527551464 1
0.969254959599 1
0.973711513379 1
0.744758718807 1
0.961276520926 1
0.944500908627 1
0.993273205316 1
0.881291025346 1
0.990249650953 1
0 1
0.891083538395 0
0.98267227752 1
0.782302498312 1
0.979369996349 1
0.9822532715 1
0.974329898445 1
0.941069931959 1
0.991533067367 1
0 1
0.513095754226 0
0.959257469749 1
0.968005879203 1
0 1
0.873844150628 1
0.502261234584 0
0.86959311827 1
0.881643967167 1
0 1
0.925972850222 1
0.941585334453 1
0.898944552104 1
0.990855091293 1
0 1
0.502570227361 0
0.935475442082 1
0.503110459874 0
0.983115623343 1
0.727347645862 1
0.508477187602 0
0.99276044751 1
0 1
0 1
0 1
0 1
0.522055428363 0
0.623884739812 1
0.840711026788 1
0.815639291254 1
0.995290626982 1
0.956468789714 1
0.990710006397 1
0.980730723619 1
0.979617889358 1
0.991006678258 1
0.997523061633 1
0 1
0 1
0.973017275263 1
0.69516402927 1
0.938171421988 1
0 1
0.936912603847 0
0.93979848746 1
0.570728247877 0
0.953599210756 1
0 1
0.983989366573 1
0.947532186455 1
0.911205116731 1
0.957299186476 1
0.944088931348 1
0.68026784921 1
0.971286637047 1
0.950381182406 1
0 1
0.993297169608 1
0.736241445986 1
0.991618769608 1
0.877998977156 1
0.986704736523 1
0.993579422921 1
0.973825156526 1
0.978896644331 1
0.913034565181 1
0.979420950773 1
0.979613855698 1
0.976652317669 1
0 1
0 1
0 1
0.958105446062 1
0.994617841058 1
0.959411605125 1
0.924625585782 1
0.978216090583 1
0.991414449121 1
0.971129289315 1
0 1
0.990714616312 1
0.816332246645 1
0.887577924467 1
0.991402285681 1
0.9836451062 1
0.958074045804 1
0 1
0.960108307339 1
0.976493359631 1
0.97125904206 1
0.991335106545 1
0.992557646769 1
0.990602987347 1
0.97242544548 1
0.991059508357 1
0.844050356519 1
0.993859178518 1
0.576408240384 0
0.975264107806 1
0 1
0 1
0.889654909113 1
0.975541287698 1
0.93902625055 1
0.98990009494 1
0.930572568127 1
0.995970631071 1
0.96129044029 1
0.795935982057 1
0.995655964388 1
0.990299480863 1
0.984916760945 1
0.51457062338 0
0.947600254182 1
0.996225734204 1
0.964601137499 1
0.946568303751 1
0.980518763298 1
0.984060389046 1
0 1
0 1
0 1
0 1
0 1
0 1
0.707443301879 0
0.89592435559 1
0.962118472385 1
0.976404225114 1
0.828825764681 1
0.966892644759 1
0.93599134973 1
0 1
0 1
0.87689795682 1
0.899377593517 1
0.934846541395 1
0.962971466841 1
0.955987325253 1
0.965529607511 1
0.980705081258 1
0.995051519724 1
0.994612040445 1
0.99324693612 1
0.953691159303 1
0.990864564527 1
0.942843543672 1
0.975524532046 1
0.864646046114 1
0.975006199127 1
0.937877785414 1
0 1
0.578931832779 1
0.982740323921 1
0.982315100616 1
0.986213540652 1
0.92014244467 1
0.959827889484 1
0.964345559593 1
0.926257569766 1
0.992499106757 1
0.988808631451 1
0.97741934035 1
0.94703084997 1
0.935100555188 1
0.971251504073 1
0 1
0.543260812498 0
0.988062331931 1
0 1
0 1
0.981950377419 1
0.973294079653 1
0 1
0 1
0 1
0 1
0.679558371479 0
0.979882192804 1
0.718961067788 1
0.983680541138 1
0.99046174794 1
0 1
0 1
0 1
0.712744306 0
0.782928400746 0
0.95990455035 1
0.952248747814 1
0.957773365165 1
0.842516426264 1
0.995561595365 1
0.965221458747 1
0.986878463414 1
0.948647808597 1
0.9347467632 1
0.969058510294 1
0.792551603289 1
0 1
0.932759772676 1
0.985510549524 1
0.976244917792 1
0.891492139235 1
0.972134369841 1
0.830878755288 1
0 1
0 1
0 1
0 1
0 1
0 1
0 1
0 1
0 1
0.504885094553 0
0.883657590765 1
0 1
0 1
0 1
0 1
0 1
0 1
0 1
0 1
0 1
0 1
0 1
0 1
0 1
0 1
0 1
0 1
0 1
0 1
0 1
0 1
0 1
0.993873784284 1
0.891865161124 1
0.98230926263 1
0.961782102739 1
0.970274420458 1
0 1
0 1
0.952510975112 1
0.991721971819 1
0.74678265603 1
0.97694367806 1
0 1
0 1
0.716148432185 1
0.667487897257 1
0.970739424201 1
0.937302000803 1
0.576616008537 0
0.609792955321 0
0.993969406515 1
0.951320267407 1
0.955770042001 1
0 1
0.98344865398 1
0.971953633115 1
0.969632494814 1
0.894179757794 1
0.994299853793 1
0.974354273039 1
0.980815637225 1
0.953093689936 1
0.983669733861 1
0.942511923008 1
0.585018614166 0
0.987692468615 1
0.959157809905 1
0.681467923187 1
0.985250750824 1
0.979638165623 1
0.928693746851 1
0.950913824236 1
0.97115532447 1
0.974802055337 1
0.973552934711 1
0 1
0 1
0 1
0 1
0 1
0.943162110222 1
0.984366111585 1
0.990443658338 1
0.987189172836 1
0.913530262017 1
0.504830349721 0
0.957559956576 1
0 1
0 1
0 1
0.506493134955 0
0.504578871992 0
0.650770557661 1
0.993751582334 1
0.838495200927 1
0.9869265737 1
0 1
0.966533758101 1
0 1
0 1
0 1
0.59870231593 0
0.958917547116 1
0.980927667523 1
0.974751553684 1
0.931002776828 1
0 1
0.914667716894 0
0.914882501023 1
0.766785773548 1
0.981281481065 1
0.979097838499 1
0.996120666342 1
0 1
0 1
0 1
0 1
0 1
0.9129076758 1
0.986415724735 1
0.98229191126 1
0.607219879573 1
0.991235094509 1
0.976164545341 1
0.954323204891 1
0.979230367909 1
0 1
0 1
0 1
0 1
0.859070109499 1
0.968724099639 1
0.570420503701 1
0.99214166381 1
0.991838764569 1
0.683275968548 1
0.984581081147 1
0.968112863776 1
0.909361529896 1
0.972451336178 1
0.865978982039 1
0.990399032021 1
0 1
0 1
0.979813872173 1
0.92930111418 1
0.972758650938 1
0.984754064705 1
0 1
0 1
0 1
0.782782546945 0
0.91051684463 1
0.837498331221 1
0.548322948794 1
0.946301339401 1
0.981659143918 1
0.970266978327 1
0.987467755987 1
0.993537393628 1
0.867794682956 1
0.973855828648 1
0.850324318769 1
0.629578266462 0
0.8463759159 1
0.563835235257 1
0.980463674151 1
0.963605278562 1
0.997348207135 1
0.994149758992 1
0.986883150257 1
0.969959883256 1
0.993114936165 1
0.959434184875 1
0 1
0.979497382416 1
0.991454447231 1
0.926035409419 1
0 1
0 1
0 1
0 1
0.692853554336 1
0.875463542001 1
0.990020444069 1
0.979733156109 1
0 1
0 1
0.903290275712 1
0.663132468407 1
0.9821635548 1
0.690441893429 1
0 1
0.990210537184 1
0.975898582184 1
0.97057231457 1
0.936421658798 1
0.918846898489 1
0.993590921033 1
0.959583413951 1
0.542944927562 0
0.989698042874 1
0.962835479522 1
0.98472388824 1
0.977538874478 1
0.97623095294 1
0.985241127742 1
0.971462675872 1
0.898592354442 1
0.984358214824 1
0.995768958159 1
0.987176292098 1
0 1
0.542976691321 0
0.994756835017 1
0.969767211289 1
0.983427789714 1
0.836086331848 1
0.935479365445 1
0.903042510552 1
0.98187842002 1
0.989958395448 1
0 1
0.912252144276 1
0.95565834751 1
0.881852607877 1
0.969375953979 1
0.991737751968 1
0 1
0.955341661721 1
0.966239393883 1
0 1
0.984889178754 1
0.955344093504 1
0.964712863028 1
0.974439643396 1
0.513907911391 0
0.982952177727 1
0.934873640426 1
0.976509903837 1
0.974627588124 1
0.61605075849 1
0.51238471629 0
0.992351000342 1
0.975681172003 1
0.993838693108 1
0.981459787124 1
0.902511235151 1
0.990090122649 1
0.964275489175 1
0.898514690308 1
0.946930232373 1
0.966322771058 1
0.926229765017 1
0.947800048751 1
0.983135497793 1
0 1
0 1
0.979866692476 1
0.929310771552 1
0.996529153905 1
0.928501398705 1
0.924823136635 1
0.831437005337 1
0.921833827529 1
0.974375029903 1
0.996035187419 1
0.596785000943 1
0.989418665381 1
0.984639601258 1
0.603994262756 0
0.94843846684 1
0.911066257586 1
0.920838164793 1
0.981831011583 1
0.981638048789 1
0.990751661543 1
0.682964472576 1
0.990912631535 1
0.990223101831 1
0.982244152379 1
0.624531455655 1
0.65049073856 1
0.988835468131 1
0.981454873438 1
0.978398958738 1
0.630869549714 0
0.986736511366 1
0 1
0.71748573074 0
0.975566829265 1
0.936645563058 1
0.988212300719 1
0.567367597182 0
0.75996835036 1
0.813112553974 1
0.942809799432 1
0.922833257654 1
0 1
0 1
0.851340663244 1
0.86958518 1
0.974929614765 1
0.983985789956 1
0.822568041293 1
0.94532969198 1
0.911573296168 1
0.972669737691 1
0.964268116512 1
0.981594215315 1
0.968704885176 1
0.989005720243 1
0.959907167439 1
0.993792474128 1
0.991172703539 1
0.944522920473 1
0 1
0.933661714901 1
0.952366289305 1
0.969125304973 1
0.968125795915 1
0.981116209422 1
0.956603533321 1
0 1
0.981154596502 1
0 1
0 1
0.984396338489 1
0 1
0 1
0 1
0 1
0.972974526045 1
0.99618463773 1
0.989209659876 1
0.989066369167 1
0.984183832112 1
0.978714814856 1
0 1
0 1
0 1
0.929560126223 1
0.95808276143 1
0.924569114942 1
0.536848321621 1
0.930454243634 1
0.903134318742 1
0.95632195265 1
0.756647411323 1
0.983404500707 1
0.980459095662 1
0 1
0 1
0 1
0.939774154624 1
0.866458393175 1
0 1
0 1
0 1
0 1
0 1
0.547948947587 0
0.725664703676 1
0.956519724012 1
0.942932181317 1
0.961256861882 1
0.953819552015 1
0.965934635417 1
0.917977930637 1
0.982730279677 1
0.791529895165 1
0.970393708937 1
0.833276948978 1
0.514046552963 0
0.907916864521 1
0.972610421002 1
0.995395229305 1
0.710957928065 1
0.930185220493 1
0.988118017918 1
0 1
0.911212964722 1
0.810978074141 1
0.604528239071 1
0.929570012775 1
0 1
0.945188015469 1
0.996798125985 1
0.986490425985 1
0.985463623755 1
0.960032250049 1
0.996825020269 1
0.917479841529 1
0.937315515844 1
0 1
0.947293790401 1
0.863865062782 1
0.790867926412 1
0.718753913862 1
0.905355164355 1
0 1
0.940920463484 1
0.977083120711 1
0.995076965609 1
0.990621763026 1
0.98599571977 1
0.641519427364 0
0.9957182051 1
0.751484431698 1
0 1
0 1
0.989726196197 1
0.959332559205 1
0 1
0.936342012523 0
0.961166075428 1
0.986660599368 1
0.990570107997 1
0.938704367523 1
0.954556671838 1
0 1
0.767618598598 0
0.840250084115 1
0.799517586625 1
0.877954623872 1
0.99704331056 1
0.975226277289 1
0.767165026098 1
0.604453645598 1
0.986382869644 1
0.952779257862 1
0.956182269 1
0 1
0 1
0 1
0.969306768905 1
0 1
0.981157628665 1
0.943496816022 1
0.968247645297 1
0.509186965946 0
0.967001087063 1
0.835365982961 1
0.90539388787 1
0 1
0 1
0 1
0 1
0 1
0.590477334413 0
0.970087011907 1
0.597876751115 1
0.996824520176 1
0.841099667821 1
0.922175050669 1
0.958120094493 1
0 1
0 1
0.86574006811 1
0.8389474012 1
0.9835304115 1
0 1
0.777024503214 0
0.83191255735 0
0.736159295417 1
0.671105870377 1
0.988528094305 1
0.977546667758 1
0 1
0.87785644021 0
0.956608099545 1
0.938031015259 1
0.978046851383 1
0.986895623187 1
0 1
0.978328829264 1
0.803041286925 1
0.993478273166 1
0.967873494957 1
0 1
0.913590830221 1
0.919400842268 1
0.954744692027 1
0.95271965413 1
0.977723290929 1
0.985322871818 1
0.977717387661 1
0.979177504063 1
0.976644061715 1
0 1
0.933412602362 1
0 1
0.667136016648 1
0.644995986672 1
0.943986810271 1
0 1
0.986634263996 1
0.977010459363 1
0.887149141602 1
0.988471288265 1
0.988879299503 1
0.512106883053 0
0.966098646248 1
0.99647156087 1
0.96319385926 1
0.951531606563 1
0.869544915305 1
0.966268023248 1
0.953890813053 1
0.942591304065 1
0.961335031766 1
0.987095567449 1
0.662571535649 1
0.954010562823 1
0.940240302239 1
0.923556847902 1
0.976102272556 1
0.980042794842 1
0 1
0.935461074642 1
0.907495305622 1
0.960329247939 1
0.982390908988 1
0 1
0.860077403296 1
0.980459651267 1
0.962038098916 1
0.984496827573 1
0 1
0.941906104316 1
0.942164439309 1
0.718917623692 1
0.915465968662 1
0.980892201181 1
0.971993813295 1
0.988787896704 1
0.968841561987 1
0.948817898424 1
0.975893501225 1
0 1
0 1
0.797770052946 1
0.97796640533 1
0.769586351623 1
0.970814857023 1
0.980458386764 1
0.980112773523 1
0.960359638167 1
0.984220774452 1
0.852629590502 1
0.704521547295 1
0.965121957577 1
0.975973592706 1
0.900411842095 1
0.928704010528 1
0.955286293859 1
0 1
0.964271010629 1
0.998123526827 1
0.947220647537 1
0.981961097212 1
0.991025152746 1
0.991063778136 1
0.991065867996 1
0.987368417321 1
0.989636257067 1
0 1
0.546342361101 0
0.899926303913 0
0.970811230133 1
0.971363621651 1
0.969203841669 1
0.975363881132 1
0.995580894147 1
0.968613688386 1
0.987434621567 1
0.974029745062 1
0.984565877417 1
0.99381107673 1
0.892463376038 1
0.988215468758 1
0.769397980472 1
0.980775630513 1
0.983887354264 1
0.994362196591 1
0 1
0.945492105803 0
0.971717530628 1
0.904289885824 1
0.989140036907 1
0.986425958335 1
0.985701261333 1
0.905997230109 1
0.914402987672 1
0.95473842656 1
0.979206233024 1
0.680812883887 1
0.901429872442 1
0.976911558498 1
0.79340459759 1
0 1
0.530934439252 0
0.991758865646 1
0.989946847645 1
0.983097503965 1
0.979918078651 1
0.969574433836 1
0.974257717695 1
0.849113504418 1
0.987488479864 1
0.670031603725 1
0.518331030417 1
0.990969455076 1
0 1
0.921897141468 1
0.666088598577 1
0.668375757862 1
0.935268578197 1
0.96677040042 1
0.94883401877 1
0.969294776921 1
0 1
0.987879206729 1
0 1
0 1
0 1
0 1
0.595672782691 0
0.974589800092 1
0.532563343498 1
0.954179796442 1
0.73570629895 1
0.57955088354 1
0.512432187036 0
0.922019889869 1
0.956137835916 1
0.987638317647 1
0.980406012013 1
0.957723308159 1
0.986061844558 1
0.980411582155 1
0.959753792129 1
0.957965699118 1
0.987384745248 1
0.979009286448 1
0.988610370021 1
0.948239264538 1
0.970838704266 1
0.944060526221 1
0.818727814383 1
0.509477864561 1
0.801571922754 1
0 1
0.947677313282 1
0.706307625819 1
0.988371791261 1
0.84246108976 1
0.980981790831 1
0.984134209046 1
0 1
0.617846338411 0
0.950239189744 1
0.910182557632 1
0.9640969635 1
0.995493675877 1
0.540395762814 0
0.983559818042 1
0 1
0.980132937436 0
0.989313552802 1
0.948660473057 1
0.863543218351 1
0 1
0 1
0 1
0.526301948985 0
0.969168810976 1
0.966683359219 1
0.939506624117 1
0 1
0.826790142961 1
0.943706705526 1
0.968530007711 1
0.50909549653 0
0.972564003643 1
0.965107345509 1
0 1
0 1
0 1
0 1
0 1
0 1
0 1
0 1
0 1
0 1
0 1
0 1
0 1
0 1
0 1
0 1
0 1
0 1
0 1
0 1
0 1
0 1
0 1
0 1
0 1
0 1
0.983944167881 1
0.994315396066 1
0.995640131577 1
0.974267095809 1
0 1
0.971662293322 1
0.992347750926 1
0.990530860641 1
0 1
0 1
0 1
0.993429394484 1
0.986083255044 1
0 1
0.952630294957 1
0.998046614574 1
0.97100738693 1
0.935929493191 1
0.979003428868 1
0.942909684119 1
0.598515380975 1
0.973211923998 1
0.96615326692 1
0.991816717696 1
0.563773753011 1
0.975790339511 1
0.979768668021 1
0.979498205773 1
0.968977901476 1
0 1
0.985079202478 1
0.937078845575 1
0.982130625612 1
0.980689501775 1
0.944977555884 1
0.99362425389 1
0.79564460507 1
0.986152454976 1
0.989410632359 1
0.980778062631 1
0.994672815541 1
0.961033651094 1
0.67478047502 1
0.946881566063 1
0.987527892612 1
0.953392935296 1
0.986866777959 1
0.989720388501 1
0.985917530713 1
0.989346371965 1
0.976448902514 1
0.980191134542 1
0.61072815212 0
0.64505551823 1
0.98103047909 1
0.992132302383 1
0.953036119611 1
0.978328659651 1
0.958397645243 1
0.983261324688 1
0.849856243746 1
0.919560093951 1
0.949666308277 1
0.928905101554 1
0.980586382702 1
0.814385212971 0
0.957553331944 1
0.975525439333 1
0.988496275247 1
0.965837828325 1
0.977999199232 1
0.988609807012 1
0.984319798853 1
0.905216088322 1
0.990298068618 1
0.979457521405 1
0.985600477061 1
0.987294896345 1
0.957665289358 1
0.773222064051 0
0.98053579473 1
0 1
0 1
0.591141189898 0
0.956275647778 1
0 1
0.964093501938 1
0.915789352069 1
0.967606916531 1
0.994165406499 1
0.98506558586 1
0.982996276788 1
0.824831246396 1
0.970274132037 1
0 1
0.867464723648 0
0.961924026258 1
0.864394344493 1
0.987738115895 1
0.98238679135 1
0.994541875652 1
0.979204420784 1
0.9579089257 1
0.905527255337 1
0.943019453947 1
0.913028530405 1
0.994419012902 1
0 1
0 1
0.980189445238 1
0.920684511296 1
0.967400795612 1
0.966033770116 1
0.981968659321 1
0.979296080537 1
0.868867115221 1
0.72164599417 1
0.951101078388 1
0.988487937033 1
0.988029047414 1
0.991977179029 1
0.891654641948 1
0 1
0.971469605791 1
0.961994542144 1
0.989270023982 1
0.931862655611 1
0.964263430321 1
0.942272018723 1
0.820564101548 1
0.954633432873 1
0.979783133033 1
0.971358169145 1
0.963811732039 0
0.940527339619 1
0.981216531268 1
0 1
0 1
0 1
0 1
0.780721691613 0
0.733419581727 0
0.708953728864 0
0.796182103183 0
0.79142377364 1
0.922892058256 1
0.9789905777 1
0.993338878438 1
0.982456783405 1
0.952275795821 1
0.930251625576 1
0.981126044848 1
0.740560538973 1
0.69311141673 1
0.953560390033 1
0.98719098119 1
0.969377824155 1
0.97852653673 1
0 1
0 1
0.951452035126 1
0.978544494944 1
0.985824818274 1
0.959850632717 1
0.983212405754 1
0.971153531606 1
0.986095202778 1
0 1
0.57085368206 0
0.992786919897 1
0 1
0 1
0 1
0 1
0 1
0 1
0.738935860008 1
0.950815990838 1
0.951245051172 1
0.976673150139 1
0.984458195858 1
0.97520870691 1
0.937341304399 1
0.981205469684 1
0 1
0.931489059685 1
0.884616106535 1
0.955966998282 1
0.983148094036 1
0.948324011814 1
0.754138375979 1
0 1
0.736789278579 0
0.52804353829 0
0.786156761762 1
0.990420147032 1
0.968905465979 1
0.990816109136 1
0.99005061177 1
0 1
0.711716851465 0
0.985886257189 1
0.983612287719 1
0 1
0.98461715556 1
0.964618274685 1
0.961097935778 1
0.800343400839 1
0 1
0.948134424241 0
0.661008798973 1
0 1
0.691506120818 1
0.948036526869 1
0.59827025575 0
0.990401703622 1
0 1
0.795784725611 1
0.926452614458 1
0.946768082667 1
0 1
0 1
0.865986293612 1
0.987925863829 1
0.966177228661 1
0.991114954997 1
0.988544424181 1
0 1
0.969557024101 1
0.961189695795 1
0 1
0 1
0 1
0.822629040109 1
0.943599298088 1
0.989459887402 1
0.965689071776 1
0.997025727194 1
0.99664848616 1
0.985337803278 1
0.960144370631 1
0.983912145474 1
0.803433559635 1
0.940348261249 1
0.943099786401 1
0 1
0 1
0.944629666006 1
0.978869441258 1
0.974029770358 1
0.984119665795 1
0.523606685929 0
0.528153440109 0
0.971069510128 1
0 1
0 1
0 1
0.939069578903 1
0.985906363491 1
0 1
0.568269934975 0
0.991701439272 1
0.982019970942 1
0.959485956034 1
0.978340698941 1
0 1
0.978631117473 1
0.988793848534 1
0.992413112226 1
0.991954497523 1
0 1
0.97317038852 1
0.89113205574 1
0.773135605003 1
0.957674288875 1
0.948250650277 1
0.95540454883 1
0.973999043606 1
0.990652195438 1
0.953901367854 1
0.996495294767 1
0 1
0 1
0 1
0.921898005497 1
0.964999728453 1
0.97891648754 1
0 1
0 1
0 1
0 1
0 1
0 1
0 1
0.955594868142 1
0.677758988049 1
0.900764050019 1
0.939240550142 1
0.991064778849 1
0.986261169085 1
0.979402923984 1
0 1
0 1
0 1
0 1
0 1
0 1
0 1
0 1
0 1
0 1
0 1
0.900435960823 1
0.940510109097 1
0.990704353628 1
0.957831686667 1
0.994666755581 1
0 1
0.962401226178 0
0.986479906893 1
0.729836459545 1
0.96182457149 1
0.987800189246 1
0.830604706628 1
0.986324048166 1
0.972984411244 1
0.985709546406 1
0.997815026032 1
0 1
0 1
0 1
0 1
0 1
0 1
0.853078607681 1
0.927202947216 1
0.912830045444 1
0.617962971065 1
0.969563782584 1
0.982588354432 1
0.863244582035 1
0.510854794207 1
0.525142027371 1
0.979795746966 1
0.98705447421 1
0.981643833852 1
0.948521977945 1
0.98300578478 1
0.980140997392 1
0.985396386716 1
0.988816994349 1
0.674789472479 1
0 1
0.991095454726 1
0.768589886465 1
0.736163179974 1
0 1
0 1
0.968588263014 1
0.989304710787 1
0.503580438799 0
0.982445300904 1
0.970952947664 1
0.932283179265 1
0.960215983278 1
0.987723622052 1
0.992129968107 1
0.991693905712 1
0.970618150006 1
0.988340050853 1
0.605762864075 0
0.941218547975 1
0.957548088436 1
0.911217899736 1
0.926603942083 1
0.964367798843 1
0.979992074219 1
0.955994814095 1
0 1
0.866721410046 1
0.996040136502 1
0 1
0.944170849972 1
0.980674270056 1
0.988075134688 1
0.951764345482 1
0.962343395871 1
0.924776054466 1
0.56024809579 0
0.89060209448 1
0.996990499132 1
0 1
0.520076200499 0
0.94104036626 0
0.949440403841 1
0.986552628323 1
0 1
0.803153086314 1
0.944202468899 1
0.957746664358 1
0.981268545515 1
0 1
0.828610435033 1
0.817274799118 1
0.997820780725 1
0.994331566962 1
0.977080612707 1
0.983368705495 1
0.684583794428 1
0.976021335722 1
0.888453225828 1
0.560053207711 0
0.949531340624 1
0.982052835941 1
0.952333343685 1
0.977350288322 1
0.592738297612 0
0.897580345027 1
0.964125405363 1
0 1
0.57365150437 0
0.601611684954 0
0.938437307083 1
0.968946112589 1
0.959615320361 1
0.990124766443 1
0.933821582211 1
0.977261750007 1
0.961924539022 1
0.964243576359 1
0.957201587347 1
0.988342343906 1
0.989644059231 1
0 1
0.525208358783 0
0.971633891257 1
0.959719787097 1
0 1
0 1
0 1
0 1
0 1
0 1
0 1
0 1
0 1
0 1
0.965605476824 1
0.98352730113 1
0.983390296257 1
0.99214567024 1
0.996258212369 1
0.947416329416 1
0 1
0.608191833741 0
0.988035574518 1
0.975005614261 1
0.971193509193 1
0.96348901808 1
0.897124672664 1
0.989178008607 1
0.940794372555 1
0.979029888302 1
0.983254674159 1
0.977709129235 1
0.993873552909 1
0.94600911662 1
0.978133256632 1
0.970979475231 1
0.935223460326 1
0.966189742404 1
0.992376416858 1
0 1
0 1
0.896542518723 1
0.989008275199 1
0.991379104132 1
0.971430666181 1
0.934174195589 1
0.902294137559 1
0.985513205272 1
0.982366933843 1
0.989922615309 1
0 1
0 1
0 1
0.992341453185 1
0.94933281618 1
0.97613842545 1
0.975940342856 1
0.993542175396 1
0.965146656732 1
0.992589365602 1
0.980291945098 1
0 1
0 1
0.900435064309 1
0.994233203137 1
0 1
0.915347954606 1
0.969074068261 1
0.879764400734 1
0.975905402199 1
0.942846669188 1
0.987635191786 1
0.956213890899 1
0.960129367199 1
0.993920072368 1
0.97613304436 1
0.983353521529 1
0.54718145681 0
0.975518371174 1
0.943209748379 1
0.960068685935 1
0.548028210658 0
0.995461830302 1
0.927682809024 1
0.965689171177 1
0.979269442351 1
0.970199426315 1
0.989624486441 1
0.633265822238 1
0.957904933897 1
0.950270955431 1
0.987675681963 1
0 1
0.519097954352 0
0.940023214939 1
0.754739176873 1
0.704782734746 1
0.846191321536 1
0 1
0.513370561591 0
0.634797950645 1
0.982391064678 1
0 1
0 1
0 1
0.925148699822 1
0.960097658481 1
0.980849139199 1
0 1
0 1
0 1
0 1
0 1
0.53893302727 1
0.973483404625 1
0.819086399472 1
0.824988534537 1
0 1
0 1
0.916914878548 1
0.991650441463 1
0 1
0 1
0 1
0 1
0.53810472265 0
0.511548445773 0
0.645689021691 1
0.987323827147 1
0.952100795042 1
0.96914077061 1
0.894936515348 1
0.920226832818 1
0.671914311489 1
0.963182761348 1
0.944688844862 1
0.973491870127 1
0.993873102313 1
0.956167937738 1
0.538623649461 0
0.97802599316 1
0.96699588534 1
0.994424260596 1
0.975087778747 1
0.981399132129 1
0.929591483779 1
0.986801816253 1
0.938990169322 1
0.995032620087 1
0.979639282638 1
0.977431873151 1
0.884430923729 1
0.947734504846 1
0.938077095412 1
0.934864263521 1
0.972780345429 0
0.981114838361 1
0.869324349775 1
0.978740381673 1
0.811595833932 1
0.954918713793 1
0.99170843159 1
0.989736146146 1
0.994245133816 1
0.957730474198 1
0.989644971326 1
0 1
0 1
0 1
0.972383154824 1
0.956886268498 1
0.912642313179 1
0.948343855471 1
0.991939567736 1
0.953185252378 1
0.987072733942 1
0.94057693517 1
0.956480363121 1
0.981379735537 1
0.982855741165 1
0.897756715689 1
0.922732218422 1
0.980995237516 1
0.991008790261 1
0.994953710534 1
0.996375973611 1
0 1
0 1
0 1
0 1
0.631707730059 1
0.96715959798 1
0.990521072842 1
0.581489272258 1
0.599720101447 1
0.976886102355 1
0.952507899117 1
0.955209088208 1
0.977269925981 1
0.953542407835 1
0.994201092761 1
0.941085735307 1
0.612357087165 1
0.936397661515 1
0.525798818488 0
0.983375949074 1
0.577859606716 0
0.978580723646 1
0.9796889092 1
0 1
0.590378670721 0
0.986742700361 1
0.87781011166 1
0.878557877886 1
0.858076003581 1
0.676235502518 1
0.864012351187 1
0.590298622035 1
0 1
0.847311823784 1
0.828509154483 1
0.994479313068 1
0 1
0.709101651286 1
0 1
0 1
0.902464945396 1
0.962090836246 1
0 1
0.969883331552 1
0.993446956032 1
0.975471231131 1
0 1
0.98627735202 1
0 1
0.957897150856 1
0.883655637421 1
0.980283249377 1
0.874154591373 1
0.985038905401 1
0 1
0 1
0.980683592357 1
0.987825891301 1
0 1
0.753751212411 0
0.942526929914 1
0.770654755642 1
0.980990389578 1
0.747971556687 1
0.94582192474 1
0.88968425824 1
0.66705851125 1
0.969519782125 1
0.958728431219 1
0.720775983432 1
0.962667470672 1
0.979897149584 1
0.978019458901 1
0.991876149428 1
0 1
0 1
0 1
0.623723519781 0
0.95495301138 1
0 1
0.991526474557 1
0.990901269465 1
0.987623389513 1
0.991255799994 1
0.993276144557 1
0.942169724671 1
0 1
0 1
0.817556727095 0
0.511526457487 0
0.979989505461 1
0.988366342321 1
0.501710493327 0
0.974265265582 1
0 1
0.96210611508 1
0.95416554138 1
0.988894882487 1
0 1
0.806271993571 1
0.964617011859 1
0 1
0.974991232128 0
0.960841200862 1
0.986058655618 1
0.935834622407 1
0.990109540712 1
0.978389488481 1
0 1
0.987250377258 1
0 1
0 1
0 1
0.988071057198 1
0.892035648256 1
0.969405922845 1
0 1
0.982091059935 1
0.979137585935 1
0.94450924265 1
0 1
0.989531242571 1
0.993542348629 1
0.984953306953 1
0.638822474443 0
0.832409220521 1
0.730631716875 1
0.961288356413 1
0.987935247838 1
0 1
0 1
0.930679868589 1
0.873245656545 1
0.897425063233 1
0.679120954261 1
0.997393780621 1
0 1
0.983221217562 1
0.986854200101 1
0.631473184642 1
0.947754661435 1
0.981096059827 1
0 1
0.859910161495 0
0.982321700821 1
0.98506558586 1
0 1
0 1
0.958292016936 1
0.90826756618 1
0.972115997526 1
0 1
0.546191414743 0
0.536527806644 0
0.97530869804 1
0.993874478355 1
0.970948716867 1
0.947016200339 1
0.972592780208 1
0.979266539137 1
0.970602689005 1
0.973467834661 1
0.984805894444 1
0.979109214154 1
0.974047345132 1
0.968246999663 1
0.92784251549 1
0.946287007735 1
0.946947014492 1
0.989722972361 1
0.897470528646 1
0.845096175395 1
0.972452273803 1
0 1
0 1
0.664099722515 1
0.963914587823 1
0 1
0 1
0 1
0 1
0.845017090101 1
0.662026254928 1
0.792099102241 1
0.957069932133 1
0.616994556626 1
0.900117246894 1
0.941273518098 1
0.97779242595 1
0.969233824522 1
0.921379172297 1
0.957943183867 1
0.952384477266 1
0.977854119509 1
0.990801912082 1
0.960472206959 1
0.996167667658 1
0.902013254942 1
0 1
0 1
0.825872699352 1
0.900140170633 1
0.61858934349 0
0.995206693585 1
0.9170554023 1
0.980573947816 1
0.93755498516 1
0.988123405738 1
0.897890650695 1
0.992521467061 1
0.794398435446 1
0 1
0 1
0 1
0.508020811885 0
0.740331838084 1
0.523047904912 1
0.86635815803 1
0.978358682096 1
0.940230861876 1
0.919781649024 1
0.609773919514 0
0.982207542479 1
0 1
0.942779219409 1
0.979299932487 1
0.980586554032 1
0 1
0 1
0 1
0 1
0.971201201782 1
0.964286993113 1
0.947518413709 1
0.977453656974 1
0.989850826722 1
0.977712158398 1
0.917020938439 1
0.991362619276 1
0.963515357205 1
0 1
0.985365847765 1
0.980161774952 1
0.945379801352 1
0.93651060727 1
0.962531131673 1
0.994927519796 1
0.991410575368 1
0.514868365108 0
0.986875316347 1
0.979531374146 1
0.905331426338 1
0.943148974996 1
0.874908189186 1
0.992548917687 1
0.992948475917 1
0.986175323443 1
0 1
0 1
0.516883328888 0
0.949891494614 1
0.99589031196 1
0.994645558246 1
0.967825357099 1
0.980943993257 1
0 1
0 1
0.963879301006 1
0.93856653331 1
0.935166673207 1
0.980956233234 1
0.795077543127 1
0.834627222244 1
0.935068140529 1
0.991241286942 1
0.970166448392 1
0.956351224249 1
0.936017645864 1
0 1
0.93912654302 1
0.883512040076 1
0.988012110223 1
0.972275831509 1
0.991432415974 1
0.907422833383 1
0.955800131088 1
0.953411150197 1
0.984807465505 1
0.943615581095 1
0.639081311275 1
0.94746378633 1
0.961607269804 1
0.995948623607 1
0.985527518059 1
0 1
0.957917512898 1
0.971975868521 1
0 1
0.977740904511 1
0.914616579808 1
0.736457328509 1
0.945584283116 1
0.896946042807 1
0.995873497323 1
0.990355737209 1
0.962393988488 1
0 1
0.968727189859 1
0.976356856644 1
0.978543697113 1
0.957190934736 1
0.830134529835 1
0.988988483421 1
0.998109434626 1
0.976112091098 1
0.892024476014 1
0 1
0 1
0 1
0.976655897404 1
0.990049370544 1
0.801241200629 1
0.653547841476 0
0.988417822369 1
0.960931927572 1
0 1
0 1
0.901405257131 1
0.989148466159 1
0 1
0.880707909601 0
0.986930817946 1
0.934165647579 1
0.875610436201 1
0.912350793513 1
0.907423337421 1
0.988142179663 1
0 1
0 1
0 1
0 1
0 1
0.967227025078 1
0.993141871947 1
0.509986671673 0
0.983839328592 1
0.933929586397 1
0.989572732329 1
0.986968376263 1
0.976826620711 1
0.98633544162 1
0.770938133148 1
0.802391207808 1
0.687252154164 1
0.815389392673 1
0.763073429407 1
0 1
0.844076943801 0
0.810959065121 1
0.949440451844 1
0.981494274326 1
0.986941377507 1
0.814096925658 1
0.972687808539 1
0.547907581206 0
0.926979552301 1
0.99072276323 1
0.995320497535 1
0.993532049294 1
0.966401826117 1
0 1
0 1
0.603634232759 0
0.50083649922 0
0.945667117073 1
0.993997305237 1
0.96918097007 1
0.95011544204 1
0 1
0.679888621545 0
0.929414757359 1
0.993115387436 1
0.984519247952 1
0 1
0.954272395159 1
0.937853077295 1
0.974616111502 1
0.954601287167 1
0.946369695471 1
0.996605528654 1
0.980721177826 1
0.989154754351 1
0.978265154578 1
0.842255263922 1
0.990477738332 1
0.958796592919 1
0.972969056127 1
0.7982223751 1
0.9593589632 1
0.987493951939 1
0.935789691721 1
0.716005504734 1
0.943019991282 1
0.961580346992 1
0.992010884288 1
0 1
0.983531836893 1
0.967467649724 1
0.977098252616 1
0.982772623344 1
0.802033094628 1
0.838886184861 1
0.975088094536 1
0.988147217007 1
0.947702149807 1
0.864220535422 1
0.978445679763 1
0.971906162147 1
0.955364097595 1
0.91761662298 1
0.994046803563 1
0.864248930022 1
0.595517908729 1
0.987320109509 1
0.982823088406 1
0 1
0 1
0.986705536728 1
0.526588395427 1
0.981877583722 1
0.995683682452 1
0.981156334508 1
0.966539159505 1
0.968319139694 1
0.955701127044 1
0.847497125182 1
0.579431723467 0
0.947255682131 1
0 1
0.979982385763 1
0.997093563934 1
0.985244239203 1
0.991119356967 1
0.982101047304 1
0.986329159524 1
0.968980907308 1
0.988139332043 1
0.994930299797 1
0 1
0.535613589732 0
0.887622918894 1
0.982016721813 1
0.97578407848 1
0.936938606094 1
0.98232625008 1
0.986844752418 1
0.989652592913 1
0.974569336576 1
0.987692954848 1
0.874096605545 1
0 1
0.940615488903 1
0.938886683175 1
0.987899150961 1
0.991004191346 1
0.945065569007 1
0.870400440816 1
0 1
0 1
0 1
0 1
0 1
0 1
0.983961094599 1
0 1
0 1
0 1
0 1
0 1
0 1
0 1
0 1
0.989739355737 1
0.955497892057 1
0.993995992428 1
0.938146532819 1
0.974169768016 1
0.945793016527 1
0.966634015604 1
0.902250666341 1
0.974605025828 1
0.98208022238 1
0 1
0.981987029177 1
0.927004119404 1
0.941977362126 1
0.859522781466 1
0 1
0.991728643477 1
0.986990544242 1
0.994810324917 1
0.937381230681 1
0.984423472055 1
0.952590342608 1
0.96688057439 1
0.983860524846 1
0.992571690995 1
0.937481880297 1
0.986207420936 1
0.992911114409 1
0.922344756397 1
0.98554302804 1
0 1
0.988975004013 1
0.960744615296 1
0.952568976418 1
0 1
0.913101398795 0
0.981860351098 1
0.943768510353 1
0.706223606749 1
0.857212214223 1
0.56621503805 0
0.984918394989 1
0.966395753821 1
0.881402292847 1
0.923685945063 1
0.959461692541 1
0.992368953688 1
0.989914341985 1
0.944886910397 1
0.80474813309 1
0 1
0.95520463839 0
0.969527050874 1
0.975696922037 1
0.500620999681 1
0.972521438469 1
0.94673934833 1
0 1
0.984225619155 1
0.982147080126 1
0 1
0 1
0.856200424963 1
0.979579998087 1
0.880474686382 1
0.958327374651 1
0.877181901777 1
0.963991241206 1
0.997524760964 1
0.989615025474 1
0.983958963936 1
0.509660547621 0
0.995055063736 1
0.965488813576 1
0.983184058352 1
0.958006551554 1
0.989791453436 1
0.992074305034 1
0.992462741874 1
0.933858590095 1
0.991583991584 1
0 1
0.964909199465 1
0.636353966373 1
0.87660652519 1
0 1
0 1
0 1
0.561551714325 0
0.969417220553 1
0.929307486869 1
0.970104040891 1
0.972015582546 1
0.94636857887 1
0.957632721777 1
0.93084188342 1
0.988409256113 1
0.958611070755 1
0.99775001004 1
0.990844510721 1
0.988315005718 1
0.97926465082 1
0.952914541057 1
0.977001832751 1
0.849912506933 1
0.979718437508 1
0.921745873685 1
0.996527732049 1
0.520405410105 0
0.987381880021 1
0 1
0 1
0.966777788468 1
0.985746068205 1
0.98588745379 1
0.964574562476 1
0.984572030553 1
0.997488093035 1
0.97684576336 1
0.996948582623 1
0.958603730093 1
0.937855816619 1
0 1
0 1
0.991720370812 1
0.980201325622 1
0.87737644413 1
0.969157693443 1
0.947769019141 1
0.975064107775 1
0.932998838445 1
0.907381493833 1
0.909070899424 1
0.987295046869 1
0.979139955355 1
0.970698039045 1
0.96639900117 1
0.97670076959 1
