0 1
0.99827 0
0.999426 1
0.999749 1
0.999186 1
0.984056 1
0.999598 1
0.235782 0
0.573029 0
0.730371 0
0.97557 1
0.995802 1
0.998103 1
0.999555 1
0.999663 1
0.412812 0
0.999151 1
0.997943 1
0.459259 1
0.99879 1
0 1
0.132977 0
0.773937 0
0.994242 0
0.998648 1
0.999119 1
0.999548 1
0.782881 0
0.434656 0
0.488206 0
0.999793 1
0.99885 1
0.997589 1
0 1
0 1
0.951127 1
0.998362 1
0.289698 1
0.602892 1
0.491564 1
0.563554 0
0.199856 0
0.999088 1
0.999519 1
0.976596 1
0.99952 1
0.997769 1
0.998731 1
0.989376 1
0.99955 1
0.999716 1
0.999722 1
0.996681 1
0.99935 1
0.999389 1
0.999637 1
0.999653 1
0.999403 1
0.753138 0
0.999183 1
0.999606 1
0.999391 1
0.999676 1
0.370195 0
0.303951 0
0.998813 1
0.997235 1
0.195817 0
0.999019 1
0.969995 1
0.999244 1
0.999003 1
0.9996 1
0.999617 1
0.999117 1
0.367313 0
0.997532 1
0.128787 0
0.999524 1
0.999213 1
0.998506 1
0.999756 1
0.999839 1
0.999382 1
0.999039 1
0 1
0 1
0.997075 0
0.992831 0
0.599493 1
0.998552 1
0.999383 1
0.998782 1
0.999582 1
0.997928 1
0.740112 0
0.420612 0
0.999615 1
0.999388 1
0.999388 1
0.99935 1
0.341758 0
0.999284 1
0.999255 1
0.999728 1
0.11514 0
0.999764 1
0.999584 1
0.999494 1
0.999127 1
0 1
0.609836 0
0.999708 1
0.99913 1
0.519617 1
0.90687 1
0.616389 1
0.795543 1
0.999212 1
0.444439 0
0.109885 0
0.999054 1
0.999461 1
0.999744 1
0.998309 1
0.999453 1
0.108434 0
0.99962 1
0.9995 1
0.154906 0
0.998635 1
0.122895 0
0.999272 1
0.999277 1
0.999744 1
0.998236 1
0.998891 1
0.999247 1
0.999591 1
0.999079 1
0.999004 1
0 1
0.942556 0
0.999458 1
0.999574 1
0.999412 1
0.999587 1
0.206738 0
0.220434 0
0.997758 1
0.999257 1
0.999611 1
0.999655 1
0 1
0 1
0.260052 0
0.921087 0
0.999627 1
0.999422 1
0.996675 1
0.999234 1
0.999563 1
0.999584 1
0.209248 0
0.977177 1
0.998782 1
0.999032 1
0 1
0.997824 0
0.912361 0
0.988394 1
0.998503 1
0.997357 1
0.999525 1
0.995993 1
0.99886 1
0.999275 1
0.11351 0
0.999577 1
0.990726 1
0.999227 1
0.999622 1
0.915885 0
0.35283 0
0.999338 1
0 1
0 1
0.983746 0
0.946945 0
0.999379 1
0.897855 0
0.828057 0
0.998914 1
0.22962 0
0.999199 1
0.736771 0
0.998927 1
0.998512 1
0.209465 0
0.631164 0
0.998417 1
0.998958 1
0.999624 1
0.999386 1
0.457703 0
0.910076 0
0.293184 0
0.999435 1
0.996368 1
0.999131 1
0.157107 0
0.997567 1
0.998773 1
0.998556 1
0.997321 1
0.817529 1
0.966299 1
0.999271 1
0.998702 1
0.91214 1
0.491819 0
0.513667 0
0.999819 1
0.99862 1
0.999404 1
0.744625 0
0.127196 0
0.218385 0
0.176353 0
0.191599 0
0.999309 1
0.998764 1
0.999607 1
0.998226 1
0.343099 0
0.966355 0
0.999454 1
0 1
0.421221 0
0.965268 0
0.994865 1
0.999576 1
0.998565 1
0.999609 1
0.538996 0
0.998266 1
0.998539 1
0.999198 1
0.999362 1
0.999303 1
0.999331 1
0.99917 1
0.234464 0
0.38702 0
0.999376 1
0.999313 1
0 1
0.105703 0
0.968383 0
0.288266 0
0.998947 1
0.99909 1
0.999527 1
0.999567 1
0.99862 1
0.721269 0
0.999256 1
0.99961 1
0.256045 0
0.583981 0
0.999683 1
0.999475 1
0.999865 1
0.99976 1
0.999257 1
0.124349 0
0.999377 1
0.99958 1
0 1
0.551989 0
0.997198 1
0.998569 1
0.990421 1
0.999781 1
0.332322 0
0.916784 0
0.999309 1
0.999594 1
0.215889 0
0.996624 1
0.999636 1
0.694537 0
0.999587 1
0.999473 1
0.999721 1
0.999475 1
0.997039 1
0.997928 1
0.998641 1
0.22418 0
0.999638 1
0.162403 0
0.999695 1
0.999736 1
0.9994 1
0.999511 1
0.99963 1
0.999761 1
0.999726 1
0.385893 0
0.999454 1
0.999474 1
0.131522 0
0.999622 1
0.999516 1
0.998718 1
0.166784 0
0.548895 0
0.184169 0
0.999414 1
0.998871 1
0.449252 0
0.712288 0
0.990197 1
0.997613 1
0.371669 0
0.998949 1
0.999193 1
0.99917 1
0.99928 1
0.999634 1
0.124074 0
0.999455 1
0.150386 0
0.201704 0
0.999559 1
0.757086 0
0.784275 0
0.368421 0
0.998305 1
0.999347 1
0.960151 1
0.999057 1
0.999086 1
0.999287 1
0.99922 1
0.235339 0
0.999346 1
0.999375 1
0.999351 1
0.998704 1
0.997164 1
0.999057 1
0.999534 1
0.501268 0
0.113808 0
0.99909 1
0 1
0.833052 0
0.126054 0
0.813627 0
0.24852 1
0.999353 1
0.997168 1
0.993558 1
0.991613 1
0.999363 1
0.99332 1
0.99932 1
0.999273 1
0.999091 1
0.967056 1
0.999383 1
0.991926 1
0.999274 1
0.980634 1
0.999207 1
0 1
0.996192 0
0.990008 1
0.999185 1
0.999108 1
0.991737 1
0.999566 1
0.999759 1
0.378335 0
0.998104 1
0.998998 1
0.999538 1
0.999403 1
0.999303 1
0.991097 1
0.999583 1
0.999305 1
0.1509 0
0.999163 1
0.999512 1
0.999382 1
0.999464 1
0.999642 1
0.46013 0
0.999274 1
0.708858 0
0.916151 1
0.8628 1
0.999171 1
0.997983 1
0.954724 1
0.999634 1
0.999237 1
0.999601 1
0.132843 0
0.999586 1
0 1
0.230613 1
0.999177 1
0.492509 0
0.999644 1
0.951666 0
0.998711 1
0.99946 1
0.998774 1
0.2077 0
0.344708 0
0.999408 1
0.997676 1
0.999709 1
0.99879 1
0.999654 1
0 1
0.998234 0
0.574861 0
0.999138 1
0.999686 1
0.999564 1
0.991408 1
0.999432 1
0.127624 0
0.999395 1
0.99941 1
0.99946 1
0.545315 0
0.111885 0
0.999095 1
0.999291 1
0.994581 1
0.998858 1
0.385249 0
0.998388 1
0.996127 1
0.999291 1
0.99978 1
0.999632 1
0.999015 1
0.998784 1
0.998427 1
0.999183 1
0.998871 1
0.998172 1
0.358926 0
0.999661 1
0.999459 1
0.999537 1
0.999327 1
0.949007 1
0.999489 1
0.999856 1
0.996279 1
0.997684 1
0.999059 1
0.999743 1
0.999479 1
0.585546 0
0.999165 1
0.999611 1
0.999705 1
0.372322 0
0.999356 1
0.999295 1
0.999624 1
0.998666 1
0 1
0.25759 0
0.165418 0
0.595685 0
0.999266 1
0.99925 1
0.999583 1
0.999673 1
0.999293 1
0.99833 1
0.999238 1
0.999354 1
0 1
0 1
0 1
0.136069 0
0.999252 1
0.999271 1
0.99986 1
0.507488 0
0.999791 1
0.999388 1
0.999406 1
0.999559 1
0.851189 0
0.134223 0
0.999565 1
0.999615 1
0.999717 1
0.999655 1
0.999627 1
0.999602 1
0 1
0.920282 0
0.999615 1
0.999064 1
0.999269 1
0.946672 0
0.999219 1
0.997718 1
0.998296 1
0.999254 1
0.999554 1
0.71916 0
0.999562 1
0.998596 1
0.208324 0
0.983502 1
0.834263 1
0.99532 1
0.73615 1
0.614829 1
0.991954 1
0.453063 1
0.998835 1
0.999773 1
0.288053 0
0.999719 1
0.999673 1
0.999393 1
0.99963 1
0.583507 0
0.312243 0
0.999341 1
0.521979 0
0.99953 1
0.80606 0
0.998348 1
0.999054 1
0.998218 1
0.999353 1
0.999177 1
0.999102 1
0.993707 1
0.999318 1
0.999517 1
0.999643 1
0.999668 1
0.998947 1
0.392724 0
0.17777 0
0.999547 1
0.996606 1
0.998924 1
0.161682 0
0.999744 1
0.999455 1
0.999503 1
0.998795 1
0.998224 1
0.999596 1
0.298628 0
0.998372 1
0.999112 1
0.998045 1
0.999497 1
0 1
0.898059 0
0.717993 0
0.738398 0
0.998266 1
0.476651 0
0.998675 1
0 1
0 1
0 1
0.722187 0
0.68196 0
0.627379 0
0.190776 0
0.939885 0
0.998405 1
0.994797 1
0.899428 1
0.999383 1
0.372966 0
0.195842 0
0.316736 0
0.998774 1
0.999347 1
0.295991 0
0.99949 1
0.144469 0
0.998973 1
0.999279 1
0.999529 1
0.183795 0
0.999642 1
0.999539 1
0.99331 1
0.998708 1
0.999225 1
0.999607 1
0.640101 0
0.99603 1
0.998275 1
0.965568 1
0.995916 1
0.989198 1
0.998472 1
0.868542 1
0.879597 1
0.999038 1
0.975788 1
0.811477 1
0.996848 1
0.995694 1
0.999508 1
0.993903 0
0.998431 1
0.999734 1
0.999463 1
0.999785 1
0.399877 0
0.134644 0
0.999357 1
0.998326 1
0.999589 1
0.626009 0
0.617239 0
0.168861 0
0.423895 0
0.572593 0
0.530041 0
0.678311 0
0.428739 0
0.999237 1
0.999358 1
0.170021 0
0.996111 1
0.999359 1
0.419712 0
0.998593 1
0.99935 1
0.999371 1
0 1
0.985762 0
0.999591 1
0.999357 1
0.998831 1
0.999234 1
0.998153 1
0.999642 1
0.999221 1
0.999561 1
0.999467 1
0.997207 1
0.208055 0
0.999477 1
0.999508 1
0.990588 1
0.998901 1
0.999324 1
0.999636 1
0.999651 1
0.998449 1
0.999559 1
0.999081 1
0.999268 1
0.999587 1
0.998812 1
0.999504 1
0.999676 1
0 1
0.999349 1
0.980823 1
0.999717 1
0.998928 1
0.999374 1
0.499149 0
0.999424 1
0.761025 0
0.983813 0
0.589625 0
0.574682 0
0.497824 0
0.998378 1
0.998534 1
0.489887 0
0.999634 1
0.998439 1
0.999537 1
0.999831 1
0.999516 1
0 1
0 1
0.857757 0
0.970649 0
0.884881 0
0.983087 0
0.998188 1
0.994218 1
0.999425 1
0.997197 1
0.998865 1
0.999791 1
0.999607 1
0.999705 1
0.999781 1
0.999206 1
0.552325 0
0.139683 0
0.999919 1
0.998609 1
0 1
0.281593 0
0.994461 0
0.979028 1
0.998026 1
0.999058 1
0.999011 1
0.999234 1
0.213564 0
0.998664 1
0.999756 1
0.998863 1
0.99947 1
0.110212 0
0.516552 0
0.998961 1
0.766507 0
0.506854 0
0.276185 0
0.18461 0
0.813995 1
0.997385 1
0.981931 1
0.759225 1
0.70733 0
0.999121 1
0.923326 1
0.999473 1
0.999775 1
0 1
0.996923 0
0.997871 1
0.998769 1
0.99849 1
0.999006 1
0.38444 0
0.999558 1
0.9997 1
0.999046 1
0.999385 1
0.999073 1
0.998693 1
0 1
0.159927 0
0.29808 0
0.999592 1
0.999532 1
0.998623 1
0.998076 1
0.999481 1
0.998754 1
0 1
0.94682 0
0.999565 1
0.999117 1
0.998273 1
0.999465 1
0.999372 1
0.999626 1
0 1
0.551973 0
0.999113 1
0.996988 1
0.999255 1
0.999507 1
0.986507 1
0.993483 0
0.897186 0
0.99942 1
0.999409 1
0.998865 1
0.999441 1
0.442474 0
0.999151 1
0.995676 1
0.998977 1
0.986655 1
0.999358 1
0.996718 1
0.999513 1
0.156182 0
0.999476 1
0.933124 0
0.999617 1
0.601621 0
0.942413 1
0.992633 1
0.999407 1
0 1
0 1
0.912333 0
0.974935 0
0.151258 0
0.999705 1
0.99595 1
0.998868 1
0.999283 1
0.999452 1
0.999488 1
0.99958 1
0.593716 0
0.199211 0
0.998694 1
0.99707 1
0.992234 1
0.999627 1
0.998874 1
0.999084 1
0.470821 0
0.999561 1
0.998773 1
0.816335 0
0.250869 0
0.992621 1
0.997267 1
0.999624 1
0.777661 0
0.904065 0
0.999625 1
0.999147 1
0.99953 1
0.998822 1
0 1
0.931453 0
0.960708 0
0.103584 0
0.998391 1
0.999314 1
0.920436 1
0.993497 1
0.999235 1
0 1
0 1
0.548039 0
0.389846 1
0.999587 1
0.102666 0
0.939985 0
0.999682 1
0.998139 1
0.999706 1
0.999862 1
0.997406 0
0.999224 1
0.998798 1
0.999554 1
0.999383 1
0.168401 0
0.999779 1
0.999409 1
0.99685 1
0.998069 1
0.998813 1
0.999104 1
0.999308 1
0.998748 1
0.999262 1
0.99979 1
0.999862 1
0.999509 1
0.999279 1
0.999024 1
0.999211 1
0.99956 1
0.999579 1
0.999138 1
0.33145 0
0.329317 0
0.127836 0
0.239081 0
0.102478 0
0.826187 1
0.52936 1
0.998529 1
0.495487 1
0 1
0.101218 0
0.718087 0
0.127039 0
0.99931 1
0.202727 1
0.999566 1
0 1
0.252242 0
0.999221 1
0 1
0.995778 0
0.999466 1
0.312614 0
0.30895 0
0.629363 0
0.999622 1
0.99218 1
0.99939 1
0.999445 1
0.998694 1
0 1
0 1
0 1
0 1
0 1
0.573969 0
0.143542 0
0.921392 0
0.491817 0
0.481293 0
0.222279 0
0.37467 1
0.353985 1
0.998051 1
0.871476 1
0.363076 1
0.971588 0
0.238708 0
0.999175 1
0.999381 1
0.999258 1
0.999246 1
0.194106 0
0.761955 0
0.997598 1
0.999689 1
0.999513 1
0.999424 1
0.998978 1
0.417795 0
0.999604 1
0.999446 1
0.999067 1
0.984132 1
0.999479 1
0 1
0.99896 1
0.998716 1
0.999213 1
0.160419 0
0.128021 0
0.999515 1
0.998601 1
0.997605 1
0.997275 1
0.999153 1
0.99918 1
0 1
0.333177 0
0.967057 0
0.998773 1
0.991939 1
0.984517 1
0.991883 1
0.998651 1
0.999367 1
0.999543 1
0.999583 1
0.998547 1
0.999438 1
0.11991 0
0.419866 0
0.999802 1
0.223239 0
0.946987 0
0.998742 1
0.999336 1
0.995844 1
0.999687 1
0.999606 1
0 1
0.908048 0
0.156376 0
0.388526 0
0.998604 1
0.99801 1
0.999447 1
0.109136 0
0.996314 1
0.999083 1
0.261683 0
0.999709 1
0 1
0.998849 1
0.99656 1
0.999245 1
0.134163 0
0.999482 1
0.764979 0
0.12452 0
0.999135 1
0.999389 1
0.999699 1
0.993412 0
0.999141 1
0.246259 0
0.1193 0
0.248479 0
0.154907 0
0.998981 1
0.541313 0
0.999723 1
0.997729 1
0.998055 1
0.999625 1
0.987642 0
0.998651 1
0.999597 1
0.999443 1
0.999288 1
0.999817 1
0.587532 0
0.999396 1
0.999143 1
0.231929 0
0.999188 1
0.999603 1
0.994886 1
0.999633 1
0.998675 1
0.994429 1
0.996949 1
0.997778 1
0.999378 1
0.23155 0
0.999307 1
0.999231 1
0.996494 1
0.999465 1
0.998571 1
0 1
0.156761 0
0.999269 1
0.295744 1
0.999691 1
0.999826 1
0.506825 0
0.323289 0
0.999022 1
0.98868 1
0.999432 1
0.999586 1
0.999185 1
0.999152 1
0.120234 0
0.999606 1
0.999191 1
0.300325 0
0.999455 1
0.999258 1
0.999294 1
0.999756 1
0.104657 0
0.999721 1
0.999769 1
0 1
0.8749 0
0.984203 1
0.998819 1
0.978461 1
0.993965 1
0.999795 1
0.159748 0
0.999653 1
0.999544 1
0.999544 1
0.999024 1
0.999235 1
0 1
0 1
0 1
0.390659 0
0.993022 0
0.476593 0
0.92082 0
0.996477 1
0.983071 1
0.999138 1
0.99976 1
0.998798 1
0.999391 1
0.999599 1
0.999409 1
0.998947 1
0.999719 1
0.99963 1
0.999387 1
0.129873 0
0.150321 0
0.999504 1
0.999426 1
0.99923 1
0.99823 1
0.999431 1
0.999198 1
0.999249 1
0.735487 0
0.998492 1
0.9991 1
0.999705 1
0 1
0.695964 0
0.998437 1
0.981012 1
0.999259 1
0.999198 1
0.744506 0
0.998248 1
0.881936 1
0.9998 1
0.398983 0
0.998796 1
0.999111 1
0.999595 1
0.994523 1
0.999559 1
0.990169 1
0.99929 1
0.999286 1
0.650365 0
0.32297 0
0.543318 0
0.114148 0
0.998032 1
0.999588 1
0.435248 0
0.609817 0
0.99967 1
0.99826 1
0 1
0 1
0 1
0.579789 0
0.891538 0
0.994784 0
0.915602 0
0.711816 0
0.700612 0
0.589443 0
0.227796 0
0.998842 1
0.997346 1
0.996857 1
0.997788 1
0.973518 1
0.995169 1
0.967748 1
0.994106 1
0.976846 1
0.71523 1
0.62328 0
0.999455 1
0.999302 1
0.999688 1
0.995808 1
0.999502 1
0.878275 0
0.616259 0
0.454447 0
0.368338 0
0.566967 0
0.998483 1
0.997659 1
0.999004 1
0.999679 1
0.997395 1
0.999467 1
0.219265 0
0.145427 0
0.997934 1
0.998651 1
0.999603 1
0.91526 1
0.999315 1
0.998772 1
0.999711 1
0.934444 0
0.999569 1
0 1
0.99001 0
0.999532 1
0.992627 1
0.999563 1
0.998922 1
0.999674 1
0.999753 1
0.998544 1
0.999116 1
0.548388 0
0.9997 1
0.999314 1
0.651685 0
0.999339 1
0.999107 1
0.999635 1
0.999681 1
0.999759 1
0.999685 1
0.999291 1
0.999432 1
0.910948 1
0.998818 1
0 1
0.995583 0
0.999566 1
0 1
0.118697 0
0.985653 1
0.999211 1
0.999148 1
0.9915 1
0.644991 1
0.99901 1
0 1
0 1
0.958898 0
0.639838 0
0.454182 0
0.997952 1
0.99746 1
0.997797 1
0.997864 1
0.928805 1
0.995852 1
0.999173 1
0.938738 1
0.999054 1
0.99869 1
0.998811 1
0.998998 1
0.870652 0
0.911106 0
0.874829 0
0.999635 1
0.999772 1
0.997424 1
0.994821 1
0.999327 1
0.324535 0
0.999547 1
0.999408 1
0.99957 1
0.986619 1
0.998604 1
0.402711 1
0 1
0.158206 0
0.967976 0
0.465391 0
0.999384 1
0.999191 1
0.998311 1
0.998003 1
0.999039 1
0.999232 1
0.998883 1
0.200052 0
0.999499 1
0.999722 1
0.999183 1
0.999288 1
0.999779 1
0.999697 1
0.999588 1
0.71914 0
0.616238 0
0.999191 1
0.988204 1
0.999725 1
0.999142 1
0.242556 0
0.999353 1
0.998125 1
0.999663 1
0.999273 1
0.98191 1
0.975883 1
0.999366 1
0.999185 1
0.999103 1
0 1
0 1
0 1
0 1
0.959194 0
0.399951 0
0.541739 0
0.934826 0
0.987566 0
0.993833 0
0.228302 0
0.999474 1
0.999322 1
0.997952 1
0.258868 0
0.998997 1
0.998534 1
0.999234 1
0.9997 1
0.9993 1
0.943621 0
0.159125 0
0.998126 1
0.998949 1
0.998937 1
0.129448 0
0.999651 1
0.999089 1
0.999613 1
0.882947 0
0.996614 1
0.99886 1
0.999322 1
0.999359 1
0.999612 1
0.999387 1
0.998506 1
0.998587 1
0.999054 1
0.999705 1
0.998551 1
0.512641 0
0.74166 0
0.994557 1
0.998269 1
0.999625 1
0.398187 0
0.116292 0
0.999352 1
0 1
0.988494 0
0.999485 1
0.998622 1
0.998381 1
0.999532 1
0.9995 1
0.999214 1
0.999778 1
0.999628 1
0.40642 0
0.999457 1
0.99881 1
0.99911 1
0.999438 1
0.999337 1
0.984895 1
0.999717 1
0 1
0.578547 0
0.963262 1
0.999335 1
0.999198 1
0 1
0.301033 0
0.154401 0
0.546489 0
0.999516 1
0.186601 1
0.999718 1
0.999637 1
0.999484 1
0.90208 0
0.200946 0
0.977818 1
0.999587 1
0.666111 0
0.389757 0
0.999527 1
0.994221 1
0.999167 1
0.501546 0
0.999502 1
0.999387 1
0.999515 1
0.999528 1
0.999369 1
0.569439 0
0.999682 1
0 1
0.998876 0
0.999092 1
0.998875 1
0.999527 1
0.999597 1
0.999737 1
0.998968 1
0.330082 0
0.999486 1
0.99931 1
0.999324 1
0.243714 0
0.999799 1
0.226096 0
0.999252 1
0.146723 0
0.163692 0
0.657744 1
0.936551 1
0.999678 1
0.999397 1
0.999077 1
0.662792 0
0.971993 0
0.999738 1
0.998943 1
0.994897 1
0.999398 1
0.763795 0
0.998635 1
0.999365 1
0.999663 1
0.99937 1
0.999253 1
0.999546 1
0.999558 1
0.999148 1
0.622547 0
0.212106 0
0.50079 0
0.999584 1
0.761684 0
0.999209 1
0.999272 1
0.999314 1
0.997858 1
0.998947 1
0.99935 1
0.999562 1
0.999439 1
0.999669 1
0.807931 0
0.999354 1
0.999579 1
0.997012 1
0.999166 1
0.623564 0
0.999328 1
0.991943 1
0.999616 1
0.998703 1
0.998419 1
0.999492 1
0.99935 1
0.999467 1
0.999612 1
0.947778 0
0.999233 1
0.999307 1
0.999752 1
0.999706 1
0.983352 0
0.999558 1
0 1
0.75011 0
0.998723 1
0.999697 1
0.272036 0
0.101973 0
0.999475 1
0.999265 1
0.999071 1
0.999209 1
0 1
0 1
0 1
0.585644 0
0.825754 1
0.999297 1
0.998259 1
0.980316 1
0.999159 1
0.995277 1
0.999153 1
0.999304 1
0.999661 1
0.994962 1
0.205692 0
0.998747 1
0.999405 1
0.999496 1
0.892263 0
0.129629 0
0.994479 1
0.999533 1
0.998088 1
0.995951 1
0.339247 0
0.999219 1
0.999426 1
0.999667 1
0.999501 1
0.999088 1
0.999674 1
0.178971 0
0.999372 1
0.998364 1
0.218071 1
0.999707 1
0.999269 1
0.999188 1
0.999621 1
0.999369 1
0.99756 1
0.885775 0
0.33179 0
0.998955 1
0.998172 1
0.999159 1
0.639031 0
0.999608 1
0.999601 1
0.999084 1
0.999378 1
0.975049 0
0.264812 0
0.995824 1
0.999607 1
0.999621 1
0.999599 1
0 1
0 1
0.321381 0
0.997903 1
0.999175 1
0.999657 1
0.999495 1
0.995606 1
0.363475 0
0.997629 1
0.99936 1
0.999152 1
0.999665 1
0.998855 1
0.999056 1
0.997346 1
0.999436 1
0.992868 1
0.998312 1
0.99938 1
0.998756 1
0.999596 1
0.999468 1
0.999466 1
0.524689 0
0.999457 1
0.999297 1
0.491624 0
0.904103 0
0.996915 1
0.977338 1
0.998005 1
0.999223 1
0.496536 0
0.183499 0
0.444787 0
0.998587 1
0.99897 1
0.999167 1
0.999445 1
0.487227 0
0.999314 1
0.999353 1
0.999545 1
0.999081 1
0.190488 0
0.30281 0
0.245515 0
0.229135 0
0.236195 0
0.999567 1
0.999212 1
0.999232 1
0.999323 1
0.283923 0
0.998989 1
0.995857 1
0.999514 1
0.999166 1
0.99931 1
0.214156 0
0.981019 1
0.839962 1
0.999543 1
0.999275 1
0.998705 1
0.999424 1
0.999555 1
0.999587 1
0.993411 1
0.999604 1
0.977199 1
0.999715 1
0.999589 1
0.703482 0
0.998802 1
0.641068 0
0.999718 1
0 1
0.561104 0
0.500555 0
0.99814 1
0.964222 1
0.98176 1
0.996293 1
0.992723 1
0.998473 1
0.966517 1
0.99896 1
0.977791 1
0.23928 0
0.999417 1
0.999795 1
0.998152 1
0.998689 1
0.999573 1
0.999644 1
0.999501 1
0.990371 1
0.927563 0
0.998641 1
0.999476 1
0.977466 1
0.999522 1
0.999578 1
0.999551 1
0.998528 1
0 1
0 1
0.99485 0
0.998868 0
0.17987 0
0.998114 1
0.999041 1
0 1
0 1
0.652791 0
0.981251 0
0.998967 1
0.999203 1
0.765016 0
0.370066 0
0.998877 1
0.996794 1
0.832868 1
0.999593 1
0.998513 1
0 1
0.731845 0
0.136202 0
0.115856 0
0.995257 0
0.107391 0
0.999223 1
0.999315 1
0.789851 0
0.908265 1
0.95067 1
0.849811 1
0.999231 1
0.999651 1
0.164367 0
0.999548 1
0.99957 1
0.99704 1
0.999375 1
0.953872 1
0.998617 1
0.999311 1
0.996488 1
0.998116 1
0 1
0 1
0.473404 0
0.254603 0
0.269088 0
0.999422 1
0.99931 1
0.800299 1
0.998849 1
0.999725 1
0.993563 1
0.99783 1
0.998399 1
0.999421 1
0.997931 1
0.999652 1
0 1
0.997638 0
0.627223 0
0.999046 1
0.482047 0
0.999435 1
0.130715 0
0.999631 1
0.999257 1
0.999166 1
0.999387 1
0.998484 1
0.993524 1
0.999509 1
0.99884 1
0.999691 1
0.999677 1
0.24659 0
0.771143 0
0.999518 1
0.998509 1
0.991224 0
0.320412 0
0.99947 1
0.999583 1
0.99904 1
0.999205 1
0.999613 1
0.999266 1
0.998998 1
0.999707 1
0.999606 1
0.131109 0
0.999416 1
0.998545 1
0.999029 1
0.998729 1
0.999335 1
0.999706 1
0.999412 1
0.998186 1
0.995639 1
0.995235 0
0.999327 1
0.999256 1
0.999339 1
0.9993 1
0.998142 1
0.998948 1
0.99923 1
0.99828 1
0.998817 1
0.998867 1
0.984059 1
0.992825 1
0.786009 1
0.941873 1
0.999466 1
0.999629 1
0.998193 1
0.999615 1
0.999236 1
0.999396 1
0.116008 0
0.477111 0
0.999726 1
0.999279 1
0.999647 1
0.968787 1
0.999309 1
0.999397 1
0.999275 1
0.999725 1
0.999678 1
0.998747 1
0.881659 1
0.997997 1
0.999701 1
0.99966 1
0.999711 1
0.699107 0
0.99882 1
0.990074 1
0.997335 1
0.305105 0
0.999284 1
0.998904 1
0.999031 1
0.998829 1
0.999105 1
0 1
0 1
0.536454 0
0.999387 1
0.21443 1
0.999226 1
0.999334 1
0.99939 1
0 1
0.878872 0
0.846664 0
0.939694 1
0.925694 1
0.999498 1
0.940994 1
0.992721 1
0.999716 1
0 1
0.976094 0
0.99927 1
0.187434 0
0.999279 1
0.999097 1
0.985504 1
0.999331 1
0.999728 1
0.138212 0
0.999658 1
0.179487 0
0.999738 1
0.99913 1
0.999736 1
0.405717 0
0.964585 0
0.235558 0
0.998975 1
0.999725 1
0.999423 1
0 1
0.340075 0
0.544673 0
0.999612 1
0.831178 1
0.999694 1
0.998273 1
0.999452 1
0.999478 1
0.999125 1
0.999629 1
0.998365 1
0 1
0.791781 0
0.971759 0
0.943988 1
0.972972 1
0.997816 1
0.997532 1
0.998204 1
0.997521 1
0.999448 1
0 1
0.996149 0
0.633656 1
0.998503 1
0.870103 0
0.99873 1
0.242369 0
0.999401 1
0.997824 1
0.999624 1
0.999452 1
0.997553 1
0.99934 1
0.9996 1
0.996926 1
0.999751 1
0.255277 0
0.999263 1
0.999645 1
0.999608 1
0 1
0.550083 0
0.994262 1
0.99802 1
0.931812 1
0.957226 1
0 1
0.146967 0
0.921181 0
0.991349 1
0.99928 1
0.99896 1
0.998686 1
0.991218 1
0.72824 1
0.119734 0
0.375537 0
0.999335 1
0.999728 1
0.999002 1
0.999578 1
0.999779 1
0.999132 1
0.998329 1
0.998143 1
0.99739 1
0.99909 1
0.128023 0
0.999409 1
0.999469 1
0 1
0.124546 0
0.999684 1
0.999497 1
0.999584 1
0.99957 1
0.99838 1
0.106971 0
0.999725 1
0.999549 1
0.999426 1
0.260127 0
0.999786 1
0.999569 1
0 1
0 1
0 1
0 1
0 1
0 1
0 1
0.683132 0
0.210941 0
0.252378 0
0.37666 0
0.450486 0
0.731505 0
0.198199 0
0.243177 0
0.999439 1
0.278658 1
0.5745 1
0.569042 1
0.999318 1
0.13675 1
0.863634 1
0.525928 1
0.999724 1
0.999534 1
0 1
0.301939 0
0.877964 0
0.99948 1
0.999576 1
0.999477 1
0.99936 1
0.113269 0
0.999249 1
0.999739 1
0.999431 1
0.999374 1
0.999485 1
0.999441 1
0.999433 1
0 1
0.995752 0
0.999625 1
0.997864 1
0.999158 1
0.995409 1
0.761927 0
0.988229 1
0.118727 0
0.99972 1
0.633303 0
0.160409 0
0.617486 0
0.999534 1
0.999398 1
0.999609 1
0.998868 1
0.999004 1
0.999415 1
0.999673 1
0.651408 1
0.99206 1
0.966228 0
0.999325 1
0.998722 1
0.99938 1
0.99289 1
0.999154 1
0.999418 1
0.999604 1
0.999452 1
0.999617 1
0.999119 1
0.999119 1
0.998008 1
0.598978 0
0.999372 1
0.116481 0
0.999781 1
0.999568 1
0.238299 1
0.996668 1
0.999718 1
0.99976 1
0.999532 1
0.476296 0
0.998841 1
0.999773 1
0.998723 1
0.9995 1
0.999396 1
0.999719 1
0.814747 0
0.99935 1
0.999435 1
0.999664 1
0.999492 1
0.999275 1
0.999367 1
0.999058 1
0.292358 0
0.999522 1
0.987207 1
0.951241 1
0 1
0.395909 0
0.558501 0
0.334534 0
0.785454 0
0.780968 0
0.531291 0
0.281419 0
0.969385 1
0.998766 1
0.691302 1
0.991512 1
0.971958 1
0.919902 1
0.919963 1
0.413679 0
0.990131 1
0.999628 1
0.999513 1
0.998797 1
0 1
0 1
0.929103 0
0.549866 0
0.563022 1
0.996657 1
0.994474 1
0.832284 0
0.234126 0
0.999564 1
0.999263 1
0.999568 1
0.999591 1
0.784777 0
0.998102 1
0.999313 1
0.235374 0
0.999203 1
0.104025 0
0.999636 1
0.999881 1
0.999124 1
0.999032 1
0.999353 1
0.982253 1
0.909616 0
0.999013 1
0.99906 1
0.998847 1
0.999352 1
0 1
0.999686 1
0.998468 1
0.999328 1
0.58524 0
0.999493 1
0.907908 0
0.998875 1
0.999454 1
0.998936 1
0.99889 1
0 1
0.996056 0
0.999043 1
0.999318 1
0.998871 1
0.320587 0
0.99946 1
0.998996 1
0.999561 1
0.999269 1
0.999384 1
0 1
0 1
0 1
0.852909 0
0.983597 1
0.999263 1
0.999019 1
0.204642 1
0.986412 1
0.986289 1
0.999609 1
0.999295 1
0.998294 1
0 1
0.999623 1
0.377248 0
0.999042 1
0.209327 0
0.583074 0
0.65438 0
0.477874 0
0.999555 1
0.999523 1
0.999366 1
0.998982 1
0.950273 1
0.947412 1
0.996121 1
0.916686 1
0.456126 0
0.999248 1
0.999285 1
0.661372 0
0.999465 1
0.455706 0
0.999554 1
0.998246 1
0.99966 1
0.999683 1
0 1
0.979868 0
0.153324 0
0.999358 1
0.996693 1
0.161453 0
0.999668 1
0.998195 1
0.343328 0
0.99852 1
0.999268 1
0.949343 1
0.999038 1
0.998865 1
0.999746 1
0.999323 1
0.367721 0
0.999696 1
0.998772 1
0.998464 1
0.999406 1
0.999382 1
0.998327 1
0.997996 1
0.9997 1
0.451947 0
0.999481 1
0.999549 1
0.99087 1
0.903661 1
0.999038 1
0.996933 1
0.232976 0
0.99941 1
0.999459 1
0.996281 1
0.917667 1
0.997117 1
0 1
0.873579 0
0.997895 1
0.999021 1
0.999751 1
0 1
0 1
0 1
0 1
0.289704 0
0.232093 0
0.114627 0
0.253303 1
0.605 1
0.838542 1
0.999055 1
0.690321 1
0.592868 1
0.753688 1
0 1
0 1
0.93154 1
0.998047 1
0.999066 1
0.99954 1
0.999641 1
0.133661 0
0.997924 1
0 1
0 1
0 1
0.522462 0
0.733074 0
0.947208 0
0.684676 0
0.293566 0
0.989534 0
0.762591 0
0.952179 0
0.562302 0
0.804891 1
0.649362 1
0.801646 1
0.982397 1
0.540681 1
0.999326 1
0.922355 1
0.994284 1
0.996901 1
0.969958 1
0.991699 1
0.991767 1
0.266138 0
0.999462 1
0.999453 1
0.948594 0
0.99925 1
0.980385 1
0.901394 0
0.999602 1
0.998652 1
0.988101 1
0.436045 0
0.429631 0
0.305926 0
0.102617 0
0.28268 0
0.593234 0
0.243984 0
0.797279 1
0.999492 1
0.999409 1
0.396925 0
0.946127 1
0.9985 1
0.999242 1
0.999575 1
0.998975 1
0.999677 1
0.998902 1
0.999752 1
0.885581 0
0.99977 1
0.999554 1
0 1
0 1
0 1
0.874491 0
0.451411 0
0.999259 1
0.918863 1
0.999022 1
0.994819 1
0.999562 1
0.998406 1
0.999623 1
0.999581 1
0.890083 0
0.999204 1
0.999051 1
0.997039 1
0.967164 1
0.998996 1
0.9986 1
0.998659 1
0.983426 1
0.999613 1
0.999371 1
0.728776 0
0.998963 1
0.99972 1
0.99895 1
0.999038 1
0.999551 1
0.999732 1
0.99964 1
0.989712 1
0 1
0.942528 0
0.804795 0
0.999137 1
0 1
0.976096 0
0.998429 1
0.998181 1
0.997454 1
0.999385 1
0.997564 1
0 1
0.687136 0
0.337467 0
0.999367 1
0.829934 1
0.992465 1
0.993006 1
0.739906 1
0.997979 1
0.999507 1
0.999265 1
0.999823 1
0 1
0.344154 0
0.17823 0
0.351729 0
0.469475 0
0.213082 0
0.497519 0
0.543247 1
0.99952 1
0.408155 0
0.999583 1
0.999365 1
0.156156 0
0.201669 0
0.999099 1
0.99952 1
0.88668 1
0.999231 1
0.999093 1
0 1
0 1
0.980562 0
0.233863 0
0.999096 1
0.999511 1
0.999034 1
0.999521 1
0.999359 1
0.999019 1
0.337858 0
0.112883 0
0.999675 1
0.999433 1
0.999712 1
0.999478 1
0.999236 1
0.992348 1
0.999525 1
0.355572 0
0.330989 0
0.999693 1
0.997728 1
0.999368 1
0.999306 1
0.590224 0
0.999678 1
0.999467 1
0.902297 0
0.999139 1
0.99918 1
0.331171 0
0.998421 1
0 1
0 1
0.920125 0
0.837511 1
0.994766 1
0.995653 1
0.999055 1
0.99936 1
0.168948 0
0.998224 1
0.998945 1
0.999796 1
0.999588 1
0.612505 0
0.999243 1
0.999506 1
0.999013 1
0.999223 1
0.999156 1
0.999464 1
0.999392 1
0.940435 1
0.999596 1
0.133157 0
0.630555 0
0.999482 1
0 1
0.991234 0
0.999291 1
0 1
0.99009 0
0.998609 1
0.999369 1
0.999095 1
0.104339 0
0.191502 0
0.999337 1
0.331649 0
0.416125 0
0.103863 0
0.93229 0
0.999473 1
0.999408 1
0.999824 1
0.999261 1
0.149177 0
0.999793 1
0.99959 1
0.999501 1
0.99935 1
0.996017 1
0.988992 1
0.996745 1
0.447531 0
0.999713 1
0.99618 1
0.61389 0
0.999133 1
0.999243 1
0 1
0.40134 0
0.847282 0
0.40788 0
0.999205 1
0.999204 1
0.999103 1
0 1
0 1
0.60984 0
0.955426 0
0.479972 0
0.998821 1
0.993284 1
0.940446 1
0.999463 1
0.9995 1
0.998322 1
0.998859 1
0.999551 1
0.999333 1
0.998943 1
0.998519 1
0.998128 1
0.998672 1
0.671413 0
0.465723 0
0.894296 0
0.998585 1
0.999064 1
0.997126 1
0.900235 1
0.997974 1
0.99977 1
0.999749 1
0.999622 1
0.999287 1
0.594871 0
0.998977 1
0.999357 1
0.999275 1
0.299465 0
0.848586 0
0.999065 1
0.993891 1
0.993932 1
0.999092 1
0.999263 1
0.999447 1
0.100663 0
0.99913 1
0.15597 0
0.149202 0
0.345403 0
0.229297 0
0.999614 1
0.999022 1
0.999553 1
0.999687 1
0.99963 1
0.99908 1
0.999426 1
0.996006 1
0.114976 0
0.999463 1
0.46102 0
0.999548 1
0.999299 1
0.997718 1
0.999344 1
0.998526 1
0.359342 0
0.999455 1
0.999404 1
0.999517 1
0.490436 0
0.601511 1
0.9991 1
0 1
0.985819 0
0.999236 1
0.627152 1
0.999785 1
0.998679 1
0.998382 1
0.999443 1
0 1
0.361109 0
0.151757 0
0.839217 0
0.996226 1
0.96245 1
0.998216 1
0.941264 1
0.959873 1
0.908278 1
0.999553 1
0.992987 1
0 1
0.402847 0
0.999131 1
0.299003 1
0.996673 1
0.999308 1
0.995944 1
0.999271 1
0.99948 1
0.376235 0
0.330895 0
0.158768 0
0.999347 1
0.99814 1
0.993751 1
0.999378 1
0.976236 0
0.999608 1
0.999364 1
0.999159 1
0.215522 0
0.642067 0
0.998933 1
0.9995 1
0.999566 1
0.393378 0
0.908875 0
0.835991 0
0.961507 1
0.999433 1
0.999371 1
0.999733 1
0.999291 1
0.481757 0
0.999684 1
0 1
0.999518 1
0.170287 0
0.999424 1
0.196805 0
0.998828 1
0.999719 1
0 1
0.998646 0
0.779768 0
0.998483 1
0.999691 1
0.999565 1
0.999684 1
0.996813 1
0.998156 1
0.99884 1
0.9989 1
0.872252 0
0.941958 0
0.999126 1
0 1
0 1
0 1
0 1
0.875266 0
0.383974 0
0.836926 0
0.624242 0
0.961137 0
0.984851 0
0.998685 1
0.998716 1
0.998321 1
0.999776 1
0.999334 1
0.999792 1
0.999543 1
0.99942 1
0.153824 0
0.999489 1
0.996781 1
0.999159 1
0 1
0.991272 0
0.998221 1
0.998812 1
0.998556 1
0.99965 1
0.999675 1
0 1
0.983165 0
0.999356 1
0.999646 1
0.999292 1
0.999292 1
0.99838 1
0.998247 1
0.996631 1
0.981621 1
0.992854 1
0.998907 1
0.999492 1
0.999243 1
0.998801 1
0.757408 0
0.17326 0
0.683406 0
0.998147 1
0.998767 1
0.99903 1
0.998497 1
0.998907 1
0.287955 0
0.99946 1
0.999648 1
0.891277 1
0.999152 1
0.102378 0
0.999621 1
0.999149 1
0.998909 1
0.999395 1
0 1
0.999002 1
0.998564 1
0.999202 1
0.999388 1
0.234765 1
0.976248 1
0.336433 0
0.999748 1
0.998881 1
0.999841 1
0.99909 1
0.99928 1
0.647048 0
0.999736 1
0.35856 0
0.244849 0
0.368421 0
0.999828 1
0.99939 1
0.998917 1
0.999721 1
0.99982 1
0.997135 1
0.997913 1
0.998005 1
0.982179 1
0.998569 1
0.997836 1
0.998747 1
0.999603 1
0.999551 1
0.998839 1
0.105272 0
0.99953 1
0.999104 1
0.999201 1
0.131446 0
0.999736 1
0.999022 1
0.999466 1
0.999325 1
0 1
0.905667 0
0.987224 1
0.9921 1
0.997908 1
0.998812 1
0.997565 1
0.999632 1
0 1
0 1
0.966184 0
0.985716 0
0.978216 0
0.998565 1
0.999067 1
0.99914 1
0.998279 1
0.224758 0
0.296555 0
0.998899 1
0.999537 1
0.999665 1
0.999775 1
0.999616 1
0.999069 1
0.999339 1
0.999173 1
0.997311 1
0.999246 1
0.999797 1
0.999369 1
0.998528 1
0.999609 1
0.893858 0
0.75587 0
0.975352 0
0.99564 1
0.998961 1
0.999013 1
0.999521 1
0.43842 0
0.999245 1
0.999637 1
0.999632 1
0.999367 1
0 1
0.898101 0
0.996463 1
0.99709 1
0.998582 1
0.998913 1
0.999371 1
0.999555 1
0.999297 1
0.999323 1
0.998881 1
0.999043 1
0.998767 1
0.997684 1
0.999014 1
0.999243 1
0.990148 1
0.997974 1
0.999137 1
0.999266 1
0.999204 1
0.998924 1
0.998889 1
0.999549 1
0.998835 1
0.937435 0
0.99913 1
0.997294 1
0.999497 1
0.747915 0
0.999889 1
0.999621 1
0.993353 1
0.686583 0
0.303198 0
0.999772 1
0.125472 0
0.999706 1
0.998839 1
0.999691 1
0.999245 1
0.999405 1
0.999256 1
0.99864 1
0.999775 1
0 1
0.108126 0
0.999626 1
0.995502 1
0.998254 1
0.714743 0
0.999469 1
0.999708 1
0.17831 0
0.999264 1
0.453762 0
0.452882 0
0.999501 1
0.999576 1
0.375858 0
0.999065 1
0.999011 1
0.999301 1
0.313849 0
0.999375 1
0.88966 1
0.979159 1
0.997429 1
0.999397 1
0.753138 0
0.999183 1
0 1
0.980015 0
0.441719 0
0.471417 0
0.127256 0
0.998859 1
0.999343 1
0.564379 1
0.167374 0
0.994737 1
0.998314 1
0.329609 1
0.998702 1
0.998856 1
0.999703 1
0.999719 1
0.999288 1
0.760328 0
0.999757 1
0.989282 0
0.387566 0
0.959142 0
0.99853 1
0.998842 1
0.974106 0
0.982479 0
0.997716 1
0.998756 1
0.999636 1
0 1
0.98322 0
0.97403 1
0.998847 1
0.999224 1
0.999129 1
0.256964 0
0.64631 0
0.232188 0
0.282359 0
0.99772 1
0.906516 1
0.998874 1
0 1
0 1
0.354637 0
0.208983 1
0.996821 1
0.999255 1
0.999403 1
0.999648 1
0.999482 1
0 1
0 1
0 1
0 1
0.993325 0
0.6353 0
0.982127 0
0.555363 0
0.999392 1
0.9497 1
0.971997 1
0.985636 1
0.454864 1
0.905716 1
0.999008 1
0.999631 1
0.999548 1
0.997278 1
0.420183 0
0.450608 0
0.568967 0
0.991222 1
0.99795 1
0.998931 1
0.999256 1
0.999761 1
0.999304 1
0.676443 0
0.999466 1
0 1
0.906148 0
0.276284 0
0.999765 1
0.995735 1
0.900291 0
0.998708 1
0.999337 1
0.999551 1
0 1
0 1
0 1
0 1
0.99966 1
0.999273 1
0.999336 1
0.11434 0
0.999644 1
0.999672 1
0.99869 1
0.999217 1
0.380576 0
0.584354 0
0.176244 0
0.977865 0
0.999214 1
0.999191 1
0.996168 0
0.99857 1
0.995482 1
0.99982 1
0.999399 1
0.136314 0
0.99863 1
0.999748 1
0.999645 1
0.999765 1
0.998569 1
0 1
0.74473 0
0.800977 0
0.996933 1
0.997602 1
0.999685 1
0.999487 1
0.612425 0
0.112738 0
0.989764 1
0.999672 1
0.732199 0
0.13129 0
0.879045 1
0.999437 1
0.997894 1
0.962703 1
0.890714 0
0.998168 1
0.999008 1
0.584073 0
0.999328 1
0.999767 1
0.99939 1
0.997583 1
0.359895 0
0.207829 0
0.998491 1
0.998278 1
0.52172 0
0.94267 1
0.999496 1
0.999498 1
0.999219 1
0.999559 1
0.998988 1
0.999693 1
0.999593 1
0 1
0.996807 0
0.105143 0
0.991987 1
0.999734 1
0.999337 1
0.998691 1
0.999359 1
0.999672 1
0.998576 1
0.999254 1
0.988564 1
0.998945 1
0.999434 1
0.999345 1
0.999527 1
0.999683 1
0.999344 1
0.990384 1
0.99953 1
0.998541 1
0.999367 1
0.999544 1
0.99925 1
0.999421 1
0.999237 1
0.303366 0
0.999369 1
0.999678 1
0.999565 1
0.103624 0
0.171416 0
0.233234 0
0.22608 0
0.607375 0
0.999219 1
0.868983 1
0.999275 1
0.566542 0
0.558054 0
0.999333 1
0.549725 0
0.997883 1
0.998774 1
0.999072 1
0 1
0.859911 0
0.999541 1
0.989233 1
0.999433 1
0.997405 1
0.999512 1
0.25734 0
0.564546 0
0.999117 1
0.999669 1
0.999371 1
0.999412 1
0.999395 1
0.999251 1
0 1
0.724323 0
0.304163 0
0.990539 0
0.999592 1
0.99943 1
0.903502 0
0.385999 0
0.348825 0
0.321499 0
0.298455 0
0.104015 0
0.237731 0
0.999156 1
0.999585 1
0.997907 1
0.117585 0
0.996596 1
0.998172 1
0.998819 1
0.999136 1
0.949705 0
0.352557 0
0.99954 1
0.116734 0
0.548102 0
0.22696 0
0.472243 0
0.125748 0
0.839673 0
0.988131 1
0.981414 1
0.293909 1
0.998992 1
0.999247 1
0.998974 1
0.999154 1
0 1
0.995827 0
0.998947 1
0.998879 1
0.270141 0
0.999511 1
0.974709 1
0.433585 0
0.971528 1
0.99904 1
0.999428 1
0.999247 1
0.999737 1
0.999442 1
0.999051 1
0.99955 1
0.999193 1
0.999394 1
0.475953 0
0.299978 0
0.996138 1
0.977484 1
0.878227 1
0.974472 1
0.992888 1
0.998537 1
0.998933 1
0.975556 1
0.999441 1
0.987062 1
0.876508 0
0.999263 1
0.998867 1
0.996053 0
0.999268 1
0.998844 1
0.996512 1
0 1
0.635454 0
0.993794 0
0.991904 0
0.998931 1
0.99621 1
0.999573 1
0.999719 1
0.599918 0
0.996078 1
0.99958 1
0.999687 1
0 1
0 1
0 1
0.800672 0
0.296172 0
0.394825 0
0.714648 0
0.593256 0
0.517517 0
0.416524 0
0.261693 0
0.72882 0
0.147909 0
0.535223 0
0.119463 0
0.273133 0
0.773115 0
0.96951 1
0.999263 1
0.745623 1
0.999107 1
0.99908 1
0.937235 1
0.990868 1
0.995869 1
0.998082 1
0.932279 0
0.999601 1
0.999775 1
0.999311 1
0.996759 1
0.998544 1
0.998788 1
0.999448 1
0.433521 0
0.998941 1
0.999283 1
0.94511 1
0.840036 1
0.999544 1
0.977353 1
0.999316 1
0.97037 0
0.999409 1
0.992649 1
0.99202 1
0.99959 1
0.999456 1
0.998587 1
0 1
0.250675 0
0.469282 0
0.3834 0
0.913153 0
0.850892 1
0.958883 1
0.942843 1
0.446613 1
0.956762 1
0.999093 1
0.956246 1
0.999453 1
0.999872 1
0.108893 0
0.999487 1
0.986499 1
0.987512 1
0.243974 0
0.975388 0
0.999608 1
0.99371 0
0.998226 1
0 1
0 1
0.222925 0
0.462067 0
0.999099 1
0.999288 1
0.999549 1
0.196118 0
0.119976 0
0.212438 0
0.999409 1
0.999083 1
0.999641 1
0.618795 0
0.999228 1
0 1
0 1
0 1
0.96909 0
0.905973 0
0.99753 0
0.936023 1
0.999276 1
0.99966 1
0.998833 1
0.999594 1
0.98816 0
0.999304 1
0.969576 1
0.996189 1
0.998666 1
0 1
0.998503 0
0.999809 1
0.999238 1
0.999062 1
0.999606 1
0.998514 1
0.999776 1
0.999496 1
0.996168 1
0 1
0.201635 0
0.999637 1
0.999552 1
0.999488 1
0.810582 0
0.999371 1
0.999087 1
0.999188 1
0 1
0.923933 0
0.998857 1
0.9995 1
0.99905 1
0.998662 1
0 1
0.992153 1
0.997826 1
0.996498 1
0.999317 1
0.999124 1
0.99926 1
0.999594 1
0.999418 1
0.998432 1
0.999706 1
0.997529 1
0.999402 1
0.999549 1
0.999142 1
0.999641 1
0.999548 1
0 1
0 1
0 1
0.824657 0
0.924547 0
0.113061 0
0.910043 1
0.999411 1
0.998951 1
0.998491 1
0.648611 0
0.248396 0
0.365945 0
0.999661 1
0.441172 0
0.914226 0
0.999568 1
0.957327 1
0.999157 1
0.998451 1
0.999176 1
0.999336 1
0.99882 1
0.105787 0
0.999053 1
0.999022 1
0.998796 1
0.351399 0
0.251242 0
0.432554 0
0.999035 1
0.99969 1
0.319252 0
0.964411 1
0.774904 1
0.99964 1
0.506441 0
0.711026 0
0.999564 1
0.998943 1
0.99916 1
0.570077 0
0.999287 1
0.99944 1
0.999607 1
0.999382 1
0.999581 1
0.99952 1
0.999773 1
0.999509 1
0.999503 1
0.929534 0
0.999795 1
0.175921 0
0.999394 1
0.999604 1
0.999259 1
0.999823 1
0.999112 1
0.991151 1
0.999628 1
0.996777 0
0.998326 0
0.999756 1
0.999132 1
0.999624 1
0.396023 0
0.627356 0
0.999327 1
0.998731 1
0.999626 1
0.998623 1
0.999018 1
0.997503 1
0.997368 1
0.997322 1
0.998275 1
0.997972 1
0.992975 1
0.995134 1
0.998439 1
0.999457 1
0.999619 1
0.999389 1
0.999526 1
0.999363 1
0.999051 1
0.999791 1
0.999545 1
0.99959 1
0.999231 1
0.998897 1
0 1
0.996602 0
0.998757 1
0.998986 1
0.999594 1
0.999418 1
0.999247 1
0.898398 0
0.103921 0
0.160804 0
0.998282 1
0.99793 1
0.999577 1
0.963548 1
0.986258 1
0.999686 1
0 1
0.985274 0
0.999009 1
0.996759 1
0.998568 1
0.249033 0
0.999542 1
0.999604 1
0.999685 1
0.569538 0
0.907734 1
0.997349 1
0.70019 1
0.996378 1
0.996467 1
0.999252 1
0.999545 1
0.659416 0
0.956044 1
0.958307 1
0.985982 1
0.99839 1
0.999524 1
0.945363 1
0.998693 1
0 1
0.424233 0
0.999431 1
0.999492 1
0.999725 1
0.999376 1
0.824687 0
0.538704 0
0.999335 1
0.999631 1
0.998543 1
0.999604 1
0.995377 1
0.99919 1
0.632043 0
0.967739 0
0.725554 0
0.245149 0
0.997332 1
0.999605 1
0.940066 0
0.999605 1
0.99972 1
0.999714 1
0.980392 0
0.991649 1
0.99897 1
0.999294 1
0.986899 1
0 1
0.819911 0
0.305064 0
0.363638 0
0.99955 1
0.999758 1
0.999701 1
0.998766 1
0.155111 0
0.999626 1
0.513697 0
0.99955 1
0.999501 1
0 1
0.942135 0
0.320394 0
0.756081 0
0.97374 1
0.999351 1
0.992176 1
0.99575 1
0.999525 1
0.999543 1
0.999291 1
0.998362 1
0 1
0.841544 0
0.997827 1
0.999838 1
0.999174 1
0.999559 1
0.115496 0
0.220567 0
0.999276 1
0.99955 1
0 1
0 1
0.999106 1
0.999357 1
0 1
0.960361 0
0.74604 0
0.999152 1
0.999498 1
0.999392 1
0.997999 1
0.992483 1
0.997252 1
0.179929 0
0.999564 1
0.999565 1
0.99963 1
0.998664 1
0.998804 1
0.99958 1
0.998456 1
0.999185 1
0.999696 1
0.792541 0
0.999504 1
0 1
0.417642 0
0.485613 0
0.371681 0
0.998617 1
0.671964 1
0.998008 1
0.936179 1
0.999139 1
0.720026 1
0.999642 1
0.999639 1
0.999312 1
0.999316 1
0 1
0 1
0.701928 0
0.921891 0
0.967299 0
0.996956 0
0.958968 0
0.997837 1
0.999588 1
0.999552 1
0.92951 1
0.999678 1
0.999572 1
0.999664 1
0.999249 1
0.999605 1
0.371165 0
0.916477 0
0.175059 0
0.999402 1
0.999244 1
0 1
0.896133 0
0.999777 1
0.999488 1
0.996125 1
0.379875 0
0.999472 1
0.999811 1
0.995522 1
0.999197 1
0.73098 1
0.999241 1
0.999729 1
0.999387 1
0.998915 1
0.120343 0
0.999645 1
0.99921 1
0.997223 1
0.99915 1
0.764417 0
0.998907 1
0.999086 1
0.999411 1
0.99962 1
0.998604 1
0.170163 0
0.72627 0
0.154191 0
0.997104 1
0.995253 1
0.997758 1
0.999555 1
0.997339 1
0.957688 1
0.999748 1
0.999612 1
0.999633 1
0.999424 1
0.109209 0
0.998708 1
0.9995 1
0.999628 1
0.999479 1
0.999626 1
0.99966 1
0.996217 1
0.999567 1
0.998951 1
0.999551 1
0.172633 0
0.999193 1
0.999098 1
0.999421 1
0.284173 0
0.999123 1
0.999514 1
0.999658 1
0.206816 0
0.999564 1
0.999319 1
0.999191 1
0.998818 1
0.608887 0
0.800024 1
0.99847 1
0.99747 1
0.889569 0
0.999494 1
0.999263 1
0.999586 1
0.341137 0
0.166832 0
0.187353 0
0.999237 1
0.999239 1
0.998449 1
0.999233 1
0.999632 1
0.220082 0
0.999532 1
0 1
0.871336 0
0.479588 0
0.720963 0
0.946087 0
0.269007 0
0.986043 1
0.621779 1
0.890757 1
0.999186 1
0.895146 1
0.99557 1
0.122768 0
0.10851 0
0.999303 1
0.999126 1
0.967729 1
0.999444 1
0.998895 1
0.205857 0
0.366542 0
0.999702 1
0.273248 0
0.117175 0
0.205995 0
0.99951 1
0.999313 1
0 1
0.814712 0
0.999456 1
0.999107 1
0.994561 1
0.998398 1
0.998033 1
0.99921 1
0.998235 1
0.999764 1
0.925943 0
0.526457 0
0.998 1
0.999709 1
0.298813 0
0.999027 1
0.998405 1
0.999531 1
0.999728 1
0.999674 1
0.999183 1
0.999448 1
0.999552 1
0.998192 1
0.998939 1
0 1
0.115099 0
0.999236 1
0 1
0.994044 0
0.998705 1
0.997499 1
0.98829 1
0 1
0 1
0.44053 0
0.441983 0
0.209469 0
0.999308 1
0.611552 1
0.335043 0
0.135522 0
0.999418 1
0.994549 1
0.999156 1
0.297801 0
0.999615 1
0.118387 0
0.298715 0
0.998704 1
0.147997 1
0 1
0 1
0 1
0.991357 0
0.115918 0
0.993139 0
0.92285 0
0.406348 0
0.999098 1
0.997792 1
0.998751 1
0.999732 1
0.99978 1
0.385907 0
0.999592 1
0.999502 1
0.999491 1
0.999155 1
0.962298 1
0.997954 1
0.999392 1
0.999653 1
0.412522 0
0.998878 1
0.99977 1
0.999698 1
0 1
0 1
0.989795 0
0.998506 0
0.103003 0
0.999013 1
0.988582 1
0.998986 1
0.997197 1
0.995182 1
0.468411 0
0.996079 1
0.999306 1
0.999745 1
0.997295 1
0.996421 1
0.999139 1
0.999087 1
0.999626 1
0.999716 1
0.998994 1
0 1
0.989522 0
0.523102 0
0.211836 0
0.999417 1
0.998549 1
0.966343 1
0.999587 1
0.996113 1
0.940197 1
0.999671 1
0 1
0.547194 0
0.578765 0
0.118532 0
0.349288 0
0.998897 1
0.998335 1
0.999714 1
0.999312 1
0.999683 1
0.125171 0
0.999629 1
0.999318 1
0.999575 1
0.998176 1
0.999244 1
0.999435 1
0 1
0.99707 0
0.999642 1
0.999303 1
0 1
0.868636 0
0.995143 0
0.999453 1
0.998431 1
0.998829 1
0.999312 1
0.85332 0
0.999236 1
0.999722 1
0.999 1
0.998328 1
0.999474 1
0.999487 1
0 1
0 1
0 1
0.909417 0
0.978521 0
0.992728 0
0.998238 1
0.999008 1
0.381369 0
0.998536 1
0.999453 1
0.999569 1
0 1
0 1
0.686963 0
0.608696 0
0.998967 1
0.995619 1
0.968974 1
0.999498 1
0.999573 1
0.999487 1
0.999703 1
0.998594 1
0.998988 1
0.999098 1
0.9994 1
0.998502 1
0.310905 0
0.999136 1
0.869078 0
0.998582 1
0.607045 0
0.999479 1
0.998295 1
0.998647 1
0.999799 1
0.137433 0
0.999323 1
0.998888 1
0 1
0 1
0.99927 1
0.265253 0
0.999036 1
0.999264 1
0.999575 1
0.999202 1
0.957625 0
0.99954 1
0.117045 0
0.999456 1
0.997898 1
0.999131 1
0.670584 0
0.999707 1
0.999198 1
0.998472 1
0.998963 1
0.997887 1
0.999715 1
0.999165 1
0.998962 1
0.999443 1
0.998359 1
0.567478 0
0.999129 1
0.99715 1
0.999572 1
0.99846 1
0.999597 1
0.999537 1
0.99941 1
0.996506 1
0.999503 1
0.999759 1
0.999737 1
0.998463 1
0.999003 1
0.998598 1
0.103088 0
0.999717 1
0.999036 1
0 1
0 1
0.243958 0
0.248252 0
0.992181 0
0.901387 0
0.999626 1
0.999689 1
0.999701 1
0.999754 1
0.410072 0
0.999394 1
0.999127 1
0.999486 1
0.876846 0
0.999666 1
0.999358 1
0.999267 1
0 1
0 1
0.367962 0
0.237725 0
0.979596 0
0.945795 0
0.998904 1
0.991806 1
0.999647 1
0.999197 1
0.998373 1
0.998449 1
0 1
0.817492 0
0.199746 0
0.92101 1
0.998822 1
0.882656 1
0.999573 1
0.999307 1
0.999572 1
0.102479 0
0.999607 1
0.999522 1
0.999562 1
0.999481 1
0.992499 1
0.998055 1
0.967481 1
0.871054 1
0.857059 0
0.999312 1
0.9971 1
0.999234 1
0.999436 1
0.163761 0
0.99954 1
0 1
0.934429 0
0.992576 1
0.99373 1
0.999434 1
0.999355 1
0.833258 0
0.998687 1
0.101341 0
0.67714 0
0.995405 1
0.996406 1
0.42798 0
0.998169 1
0.998295 1
0.998942 1
0.999553 1
0.997294 1
0.999215 1
0.999732 1
0.999749 1
0.999688 1
0.977712 1
0.171119 0
0.999555 1
0.999117 1
0.998065 1
0.999377 1
0.999553 1
0.999813 1
0 1
0.181974 0
0.999304 1
0.758932 0
0.999247 1
0.999332 1
0.999463 1
0.999172 1
0.99893 1
0.999369 1
0.996503 1
0.999457 1
0.99941 1
0 1
0.667949 0
0.998594 1
0.991078 1
0.993427 1
0.996373 1
0.998877 1
0.854078 1
0.958916 1
0.833851 0
0.284939 0
0.999142 1
0.999558 1
0.998691 1
0.999036 1
0.999052 1
0.996835 1
0.999228 1
0.999317 1
0.999465 1
0.999432 1
0.999783 1
0.99926 1
0.473773 0
0.108744 0
0.299541 0
0.1509 0
0.27928 0
0.999262 1
0.999811 1
0.28806 0
0.999517 1
0.999039 1
0.99962 1
0.999044 1
0.993245 1
0.483927 0
0.313222 0
0.999177 1
0.999451 1
0.502745 0
0.999048 1
0.998301 1
0.500236 0
0.998678 1
0.975854 1
0.99752 1
0.997028 1
0.995193 1
0.990021 1
0.990446 1
0.998263 1
0.456291 0
0.16395 0
0.778036 0
0.999453 1
0.992587 1
0.998508 1
0.999432 1
0.999677 1
0.999834 1
0.998819 1
0.998219 1
0.99931 1
0.590291 0
0.997569 1
0.996625 1
0.999481 1
0.99921 1
0.999797 1
0.998469 1
0.995098 1
0.99944 1
0.999371 1
0.36332 0
0.998843 1
0.99889 1
0.997138 1
0.999653 1
0.999409 1
0.999725 1
0.999089 1
0.996613 1
0.998147 1
0 1
0.789206 0
0.999291 1
0.999353 1
0.999685 1
0.999454 1
0.337455 0
0.998833 1
0.998694 1
0.997131 1
0.962693 1
0.995321 1
0.997948 1
0.998828 1
0 1
0.889168 0
0.994866 1
0.998936 1
0.763926 1
0.999062 1
0.515426 1
0.999613 1
0.11856 0
0.999525 1
0.996284 1
0.999409 1
0.999459 1
0.99937 1
0 1
0.111161 0
0.529294 0
0.883867 1
0.944241 1
0.835213 1
0.565851 1
0.725972 1
0.855557 1
0.995632 1
0.998937 1
0.997779 1
0.9992 1
0.983268 1
0.999102 1
0.999506 1
0.998529 1
0.999001 1
0.999029 1
0.99924 1
0.9982 1
0 1
0.226596 0
0.115914 0
0.995094 0
0.990598 1
0.99655 1
0.998819 1
0.999103 1
0.999433 1
0.99905 1
0.999581 1
0.999512 1
0.999383 1
0.999412 1
0.999522 1
0.99961 1
0.999194 1
0 1
0.431564 0
0.877509 0
0.999057 1
0.998406 1
0.997807 1
0.999075 1
0.998906 1
0.998482 1
0.986677 1
0.999033 1
0.693739 1
0.778399 1
0.998448 1
0.999088 1
0 1
0.994261 0
0.916564 0
0.144377 0
0.998455 1
0.995767 1
0.993727 1
0.999451 1
0.999402 1
0.490128 0
0.132409 0
0.99862 1
0.999135 1
0.999625 1
0.286216 0
0.999635 1
0.99979 1
0.999333 1
0.999498 1
0.575306 0
0.998794 1
0 1
0.322397 0
0.98574 0
0.99949 1
0 1
0.148019 0
0.867976 0
0.999753 1
0.535454 0
0.81126 0
0.365164 0
0.998967 1
0.994165 1
0.816308 0
0.999166 1
0.999554 1
0.999614 1
0.999315 1
0.998693 1
0.999606 1
0 1
0.905667 0
0.987224 1
0.9921 1
0.997908 1
0.998812 1
0.997565 1
0.993499 1
0.99932 1
0.9993 1
0.11799 0
0.999509 1
0.999456 1
0 1
0.573651 0
0.535322 0
0.981917 1
0.997865 1
0.997395 1
0.996954 1
0.998213 1
0.999516 1
0.987156 1
0.999529 1
0.999495 1
0.998851 1
0.840166 0
0.30451 0
0.999528 1
0.999724 1
0.998824 1
0 1
0.99717 0
0.998499 1
0.999678 1
0.693743 0
0.232265 0
0.179021 0
0.181212 0
0.999752 1
0.999377 1
0.999312 1
0.999527 1
0.999862 1
0.998208 1
0.998922 1
0.999582 1
0.849769 0
0.228826 0
0.995642 1
0.999189 1
0.998671 1
0.998742 1
0.892632 0
0.93333 0
0.969849 1
0.999673 1
0.999393 1
0.998306 1
0.999814 1
0.373649 0
0.999261 1
0.993448 1
0.999105 1
0.999433 1
0.999505 1
0 1
0 1
0.944688 0
0.93966 0
0.541016 0
0.999063 1
0.996711 1
0.970263 1
0.94209 1
0.997344 1
0.999601 1
0.140994 0
0.999658 1
0.999202 1
0.999181 1
0.999435 1
0.999456 1
0.99987 1
0.204978 0
0.146446 0
0.311499 0
0.400915 0
0.18086 0
0.924231 1
0.98972 1
0.998954 1
0.993732 1
0.688086 0
0.999507 1
0.999511 1
0.999522 1
0.998422 1
0.176581 0
0.457923 0
0.167442 0
0.269709 0
0.920991 1
0.999685 1
0.999408 1
0.113447 0
0.302667 0
0.998579 1
0.136711 0
0.998166 1
0.998306 1
0.999471 1
0.999243 1
0.999076 1
0 1
0.141416 0
0.999594 1
0.997322 1
0.999017 1
0.998961 1
0.99937 1
0.999523 1
0.99942 1
0.611388 0
0.607267 0
0.760287 0
0.180257 0
0.998977 1
0.998622 1
0.77758 0
0.999318 1
0.999202 1
0.999435 1
0.999103 1
0.994917 1
0.990538 1
0.9877 1
0.999718 1
0.999256 1
0.999045 1
0.999359 1
0.999604 1
0.76202 0
0.999474 1
0.997512 1
0.99914 1
0.998451 1
0.924674 1
0.999517 1
0.999183 1
0.957638 0
0.23754 0
0.999617 1
0.420415 0
0.949627 0
0.955137 0
0.999165 1
0.995667 1
0.132314 0
0.999682 1
0.999443 1
0.999634 1
0.999741 1
0.999527 1
0.999727 1
0.998425 1
0.9995 1
0.999571 1
0.998633 1
0.183878 0
0.999081 1
0.99883 1
0.999305 1
0.998312 1
0.999487 1
0.999613 1
0.760737 0
0.998951 1
0.999662 1
0.999246 1
0.992656 1
0.999454 1
0.999738 1
0.99916 1
0.999201 1
0.999753 1
0.412276 0
0.349364 0
0.212834 0
0.999737 1
0.999244 1
0.986269 0
0.99954 1
0.999057 1
0 1
0.301075 0
0.490181 0
0.990893 1
0.999125 1
0.997973 1
0.962282 1
0.991999 1
0.999182 1
0.997833 1
0.999441 1
0.998631 1
0.999508 1
0.999219 1
0 1
0.130082 0
0.93933 0
0.999454 1
0.98636 1
0.122821 0
0.365024 0
0.998894 1
0.999162 1
0.999176 1
0.999342 1
0.998947 1
0.999719 1
0.551062 0
0.999759 1
0.530236 0
0.999551 1
0.239766 0
0.999587 1
0.999256 1
0.999534 1
0.199702 0
0.99927 1
0.998793 1
0.999218 1
0.999411 1
0.131717 0
0.287761 0
0.999571 1
0 1
0.998927 1
0.887052 1
0.998939 1
0.999602 1
0.911098 0
0.998903 1
0.999339 1
0.999606 1
0.999171 1
0.999452 1
0.999684 1
0.998899 1
0.999069 1
0.999269 1
0.999504 1
0.999579 1
0.997427 1
0 1
0.998773 1
0.999097 1
0.98799 1
0.999478 1
0.998792 1
0.716041 1
0.99803 1
0.997518 1
0.999068 1
0.999467 1
0.99906 1
0.999429 1
0.999479 1
0.999382 1
0.999087 1
0.998441 1
0.998471 1
0.999336 1
0.999636 1
0.998969 1
0.999442 1
0.999435 1
0.999635 1
0.999283 1
0.998694 1
0.788678 0
0.548862 0
0.794885 0
0.999429 1
0.988975 1
0.999406 1
0.996582 1
0.997994 1
0.999498 1
0.247857 0
0.999052 1
0.324761 1
0.464911 1
0.974819 1
0.87368 1
0.998708 1
0.543851 1
0.201808 1
0.899501 1
0.589758 1
0.83328 1
0 1
0 1
0 1
0 1
0 1
0 1
0 1
0 1
0 1
0 1
0 1
0 1
0.78389 0
0.767624 0
0.684453 0
0.790518 0
0.606739 0
0.726485 0
0.443128 0
0.795967 0
0.607351 0
0.385235 0
0.17938 0
0.860568 0
0.390672 0
0.974495 1
0.985011 1
0.59089 1
0.998643 1
0.989988 1
0.861635 1
0.858365 1
0.985593 1
0.791644 1
0.799902 1
0.113059 0
0.99912 1
0.998727 1
0.999745 1
0.998834 1
0 1
0.999246 1
0.276185 1
0.999572 1
0.907043 0
0.999238 1
0.999644 1
0 1
0.4878 0
0.165598 0
0.9921 1
0.997935 1
0.975738 1
0.999329 1
0.999265 1
0.147575 0
0.999687 1
0.999127 1
0.999083 1
0.999605 1
0.998847 1
0.977015 0
0.999552 1
0.999489 1
0.999245 1
0.999569 1
0.999419 1
0.999478 1
0.354913 0
0.998901 1
0.998609 1
0.108641 0
0.999697 1
0.995042 1
0.99971 1
0.999512 1
0.999826 1
0.999633 1
0.999491 1
0.999026 1
0.998894 1
0.167641 0
0.999596 1
0.999265 1
0 1
0.999624 1
0.73177 1
0.997882 1
0.998053 1
0.99825 1
0.871838 1
0.169428 0
0.999135 1
0.421404 0
0.999554 1
0.999408 1
0.197506 0
0.113001 0
0.999688 1
0 1
0.219056 0
0.27281 0
0.339077 0
0.990742 1
0.71697 1
0.999202 1
0.999402 1
0.998714 1
0.999458 1
0.689153 0
0.201125 1
0.999391 1
0 1
0 1
0.630047 0
0.969001 0
0.930721 1
0.999177 1
0.109673 0
0.999802 1
0.936352 0
0.999408 1
0.999512 1
0.928008 0
0.998569 1
0.999521 1
0.994095 1
0.99901 1
0.999597 1
0.998904 1
0 1
0.996441 1
0.997008 1
0.925902 1
0.998573 1
0.996274 1
0.999458 1
0.131607 0
0.136116 0
0.251723 0
0.989949 1
0.999284 1
0.999657 1
0.999214 1
0.998419 1
0.145972 0
0.939863 0
0.999505 1
0.678769 0
0.805053 0
0.448532 0
0.997559 1
0.987338 1
0.994826 1
0.928612 1
0.999407 1
0.982042 1
0.998285 1
0.512444 0
0.999166 1
0.999454 1
0.999355 1
0.999367 1
0.998622 1
0.999043 1
0.73667 0
0.999225 1
0.999377 1
0.99945 1
0.182081 0
0.825647 1
0.998709 1
0.993528 1
0.999561 1
0.997237 1
0.999736 1
0 1
0.914434 0
0.997832 1
0.996885 1
0.99908 1
0.99771 1
0.761196 1
0.807996 0
0.229586 0
0.999639 1
0.99848 1
0.998884 1
0.999422 1
0.999255 1
0.787675 0
0.780969 0
0.999069 1
0.999371 1
0.998954 1
0.998701 1
0.999297 1
0.998813 1
0.999523 1
0.720639 0
0.999362 1
0.555805 0
0.999594 1
0.999532 1
0.9993 1
0.999095 1
0.414392 0
0.999062 1
0.998847 1
0.998901 1
0.99637 1
0.112805 0
0.999169 1
0.672418 0
0.316222 0
0.11782 0
0.620303 0
0.23114 0
0.986124 1
0.999028 1
0.992474 1
0.997421 1
0.99892 1
0.998772 1
0.999389 1
0.998823 1
0.949004 1
0.998368 1
0.999079 1
0.987548 1
0.999078 1
0.9985 1
0.999591 1
0.975388 1
0.999733 1
0.198345 0
0.999329 1
0.997645 1
0.998367 1
0.99928 1
0.99958 1
0.840188 0
0.999385 1
0.999501 1
0.979915 0
0.998951 1
0.324478 0
0.999475 1
0.999332 1
0.999452 1
0.240215 0
0.999561 1
0.999274 1
0.999012 1
0.999861 1
0.99952 1
0.364776 0
0.827988 1
0.999426 1
0.999353 1
0.155196 0
0.998179 1
0.999333 1
0.869952 0
0.999592 1
0.999446 1
0.993357 1
0.99887 1
0.999634 1
0.999306 1
0.372676 0
0.999691 1
0.99846 1
0.999 1
0.99977 1
0.451433 0
0.832678 1
0.999512 1
0.997857 1
0 1
0.965297 0
0.998937 1
0.999306 1
0.500862 0
0.745281 0
0.999156 1
0.999283 1
0.323522 0
0.836126 0
0.369535 0
0.336326 0
0.662858 0
0.109379 0
0.999485 1
0.999115 1
0.999575 1
0.571625 0
0.511766 0
0.999301 1
0.995688 1
0.29041 0
0.998788 1
0.999822 1
0.999548 1
0.99883 1
0.999634 1
0.99954 1
0.127804 0
0.999017 1
0.998739 1
0.999217 1
0.998634 1
0.996168 1
0.519751 0
0.99951 1
0.999561 1
0.371097 0
0.999283 1
0.998474 1
0.99718 1
0.998329 1
0.558776 0
0.999742 1
0.99953 1
0.998926 1
0.999595 1
0.998455 1
0.999624 1
0.999568 1
0.206874 0
0.84873 0
0.974519 1
0.999569 1
0.999589 1
0.991704 0
0.999331 1
0.999221 1
0.999555 1
0.9991 1
0.999631 1
0.999525 1
0.573291 0
0.727867 0
0.729591 0
0.838967 0
0.771859 0
0.814157 0
0.666576 0
0.997556 1
0.999306 1
0.19691 0
0.178659 0
0.628075 0
0.989544 1
0.999653 1
0.999306 1
0.9998 1
0.998245 1
0.998715 1
0.999185 1
0.999801 1
0.885705 0
0.287805 0
0.990666 1
0.999551 1
0.998491 1
0.999707 1
0.222803 0
0.999668 1
0.935025 1
0.998501 1
0.99654 1
0 1
0.708403 0
0.575856 0
0.873033 0
0.856644 0
0.756346 0
0.998701 1
0.946168 1
0.999212 1
0.998042 1
0.999723 1
0.999406 1
0.218389 0
0.515326 0
0.197763 0
0.368451 0
0.998883 1
0.998656 1
0.999526 1
0.999436 1
0.999621 1
0.999591 1
0.999749 1
0.999421 1
0.999681 1
0.99971 1
0.148381 0
0.148594 0
0.3111 0
0.234767 0
0.999285 1
0 1
0.887573 0
0.999414 1
0.999367 1
0.999238 1
0.168147 0
0.999393 1
0.999332 1
0.12451 0
0.998529 1
0 1
0.997133 0
0.999259 1
0 1
0.973471 1
0.999673 1
0 1
0 1
0 1
0.308719 0
0.579276 0
0.914292 0
0.999397 1
0.952383 1
0.999705 1
0.999832 1
0.999527 1
0.999734 1
0.999228 1
0.755134 0
0.213682 0
0.977166 1
0.914254 1
0.998637 1
0.999396 1
0.999075 1
0.982092 1
0.983904 1
0.993347 1
0.99657 1
0.998706 1
0.998094 1
0.994171 1
0.999029 1
0 1
0.510504 0
0.985539 0
0.9859 1
0.997686 1
0.998838 1
0.997464 1
0.909609 0
0.747223 0
0.999366 1
0.999607 1
0.986335 1
0.928195 1
0.988585 1
0.993488 1
0.998275 1
0.998476 1
0.999223 1
0.757573 0
0.999211 1
0.999281 1
0.999514 1
0.218957 0
0.111134 0
0.999561 1
0.157366 0
0.999129 1
0.99927 1
0.999467 1
0.998935 1
0.998969 1
0.999814 1
0.998777 1
0.998829 1
0.999772 1
0.548203 0
0.999283 1
0.998211 1
0.807253 1
0.998238 1
0.995941 1
0.998952 1
0.998866 1
0.999869 1
0.998928 1
0.999756 1
0.998924 1
0.135352 0
0.897599 0
0.154029 0
0.999372 1
0.999597 1
0.999215 1
0.434142 0
0.597474 0
0.292838 0
0.994329 1
0.993524 1
0.997669 1
0.999094 1
0.999105 1
0.999383 1
0.422681 0
0.259289 0
0.997582 1
0.850965 1
0.998817 1
0.999705 1
0.99963 1
0.998939 1
0.992412 0
0.999437 1
0.998993 1
0 1
0.974418 0
0.999498 1
0.991508 1
0.999215 1
0.999054 1
0.999526 1
0.999248 1
0.190856 0
0.999585 1
0.999735 1
0.996557 1
0.997716 1
0.99734 1
0.994624 1
0.286842 0
0.999446 1
0.999494 1
0.998763 1
0.989065 1
0.999159 1
0.999681 1
0.981434 0
0.966777 0
0.999299 1
0.999276 1
0.968346 1
0.999137 1
0.810926 1
0.998035 1
0 1
0.318014 0
0.775096 0
0.127364 0
0.99944 1
0.999564 1
0.99942 1
0.270157 0
0.99962 1
0.999599 1
0.998491 1
0 1
0 1
0 1
0.250825 0
0.998815 1
0.916361 1
0.999453 1
0.857714 1
0.999658 1
0.306774 0
0.999237 1
0.997728 1
0.999235 1
0 1
0 1
0.743785 0
0.79624 0
0.998154 1
0.998557 1
0.999152 1
0.785113 0
0.973939 0
0.532579 0
0.995721 1
0.999196 1
0.998819 1
0.918688 0
0.999623 1
0.134993 0
0.116606 0
0.211538 0
0.999286 1
0.999436 1
0.999243 1
0.999453 1
0.998021 1
0.999727 1
0.210848 0
0.418585 0
0.284711 0
0.804687 0
0.999609 1
0.993737 1
0.999326 1
0.48793 0
0.247088 0
0.999699 1
0.999551 1
0.999112 1
0.997527 1
0.999303 1
0.999577 1
0.999585 1
0.999288 1
0.997248 1
0.999477 1
0.342509 0
0.998998 1
0.999757 1
0.998581 1
0.999458 1
0.990714 1
0.998987 1
0.998377 1
0.990507 1
0.999801 1
0.962339 1
0.995789 1
0.999477 1
0.999682 1
0.999807 1
0.99859 1
0.999813 1
0.999597 1
0.998725 1
0.999342 1
0.998496 1
0.999647 1
0.546975 0
0.900353 0
0.998901 1
0.999617 1
0.999629 1
0.216353 0
0.998972 1
0.996042 1
0.999133 1
0.998172 1
0.999674 1
0.99859 1
0.998041 1
0.99944 1
0.999467 1
0.999427 1
0.999193 1
0.894668 0
0.984856 0
0.800415 1
0.999569 1
0.998797 1
0.999199 1
0.999577 1
0.998581 1
0.998654 1
0.999292 1
0.997564 1
0.999278 1
0.888283 1
0.999643 1
0.999467 1
0.999457 1
0.999469 1
0.999672 1
0.993946 1
0.912713 1
0.995756 1
0.99883 1
0.999553 1
0.999293 1
0.999206 1
0.17377 0
0.720653 0
0.999505 1
0.999076 1
0.999726 1
0.999197 1
0.995845 1
0.999484 1
0.998939 1
0.999433 1
0.998844 1
0.713962 0
0.998635 1
0 1
0.9794 0
0.999441 1
0.999624 1
0.999528 1
0.999558 1
0.99958 1
0.998818 1
0.999718 1
0.999212 1
0.104914 0
0.999371 1
0.888532 0
0.514543 0
0.118129 0
0.999076 1
0.999867 1
0.999294 1
0.999242 1
0.999575 1
0.999653 1
0.214783 0
0.25824 0
0.99963 1
0.999609 1
0.999802 1
0.999504 1
0.999724 1
0.998912 1
0.312027 0
0.99931 1
0.999616 1
0.999632 1
0.998951 1
0.998924 1
0.211617 0
0.999317 1
0.999349 1
0.999518 1
0.999495 1
0.99969 1
0.998421 1
0.999014 1
0.99885 1
0.999256 1
0.999679 1
0.998239 1
0.999497 1
0.963169 0
0.998981 1
0.998991 1
0 1
0.999055 1
0.999714 1
0.999691 1
0.999713 1
0.999373 1
0.998825 1
0.999338 1
0.188508 0
0.215882 0
0.999655 1
0.999264 1
0.992523 1
0.999656 1
0.162725 0
0.99824 1
0.997404 1
0.992851 1
0.998735 1
0.998648 1
0.98051 0
0.999097 1
0.999057 1
0.999465 1
0 1
0.975626 0
0.999622 1
0 1
0.983056 1
0.994495 1
0.997182 1
0.999353 1
0.854695 0
0.473866 0
0.665174 0
0.63581 0
0.522311 0
0.657909 0
0.816719 0
0.978444 1
0.997681 1
0.999243 1
0.994516 1
0.999026 1
0.998305 1
0.999712 1
0.999357 1
0.459718 0
0.999591 1
0.999252 1
0.998992 1
0.998708 1
0.999456 1
0.999307 1
0.999456 1
0.999396 1
0.999403 1
0.998694 1
0.999435 1
0 1
0.914084 0
0.999172 1
0.999533 1
0.947789 0
0.98856 1
0.997606 1
0.998973 1
0.999092 1
0.999279 1
0.997738 1
0.999523 1
0 1
0.997429 0
0.999088 1
0.99936 1
0.999012 1
0.954114 0
0.999665 1
0.999369 1
0 1
0.997996 0
0.999752 1
0.999038 1
0.999045 1
0 1
0 1
0.153632 1
0.999719 1
0.997105 1
0.999618 1
0.960377 0
0.108124 0
0.99947 1
0.987646 1
0.998427 1
0.99966 1
0.145282 0
0.999077 1
0.999264 1
0 1
0 1
0 1
0 1
0 1
0 1
0.671233 0
0.956242 0
0.79051 0
0.886242 0
0.853114 0
0.716872 0
0.751842 0
0.935696 1
0.997737 1
0.667287 1
0.936766 1
0.997755 1
0.79834 1
0.995898 1
0.884233 1
0.84049 1
0.944295 1
0.991503 1
0.9718 1
0.996802 1
0.922692 1
0.717362 1
0.863002 1
0.984208 1
0.985747 1
0.997051 1
0.983531 1
0.603121 1
0.999805 1
0.999716 1
0.988308 1
0 1
0.210144 0
0.994701 1
0.999602 1
0.137024 0
0.999341 1
0 1
0 1
0.97843 0
0.696275 0
0.999131 1
0.999771 1
0.994588 1
0.423941 0
0.386942 0
0.117409 0
0.115503 0
0.135957 0
0.377214 0
0.997798 1
0.999315 1
0.999657 1
0.125431 0
0.999018 1
0.997641 1
0.999665 1
0.998813 1
0.997257 1
0.999462 1
0.9954 1
0.998913 1
0.999112 1
0.997107 1
0.982662 0
0.999159 1
0.998753 1
0.999241 1
0.745256 1
0.998289 1
0.998558 1
0.999229 1
0.99916 1
0.125191 0
0.536879 0
0.999339 1
0.999399 1
0.99839 1
0.999516 1
0.999768 1
0.999579 1
0.999806 1
0.99949 1
0 1
0.401188 0
0.670401 0
0.999551 1
0.998853 1
0.999627 1
0.406931 0
0.998915 1
0.99898 1
0.999403 1
0.61381 0
0.999699 1
0.99957 1
0.999676 1
0.998567 1
0.24299 0
0.162613 0
0.999614 1
0.999537 1
0.999192 1
0.999611 1
0.471366 0
0.998721 1
0.999062 1
0.998466 1
0.998955 1
0.814643 0
0.999443 1
0.998812 1
0.999513 1
0.980506 0
0.999489 1
0.611018 0
0.999341 1
0.999805 1
0.999257 1
0.998972 1
0.419368 0
0.99968 1
0.998848 1
0.999133 1
0.999572 1
0.999673 1
0.999432 1
0.999598 1
0.999208 1
0.371443 0
0.911061 0
0.999317 1
0 1
0 1
0.999312 1
0 1
0.137283 0
0.998919 1
0.998248 1
0.998914 1
0.999314 1
0.999491 1
0.999309 1
0.999474 1
0.999581 1
0.998471 1
0.99831 1
0.998673 1
0.997801 1
0.999714 1
0.999086 1
0.997951 0
0.999754 1
0.997794 1
0.44452 0
0.999425 1
0.999484 1
0.228838 0
0.82692 0
0.993143 0
0.999438 1
0.999459 1
0.535906 0
0.999292 1
0.999475 1
0.992899 1
0.946041 1
0.498626 0
0.999125 1
0.999726 1
0.999052 1
0.999588 1
0 1
0.300362 0
0.997193 0
0.998725 1
0.999311 1
0.999825 1
0.228977 0
0.999547 1
0.999695 1
0.999496 1
0 1
0.94718 0
0.283464 0
0.681752 0
0.999451 1
0.996658 1
0.998752 1
0.999096 1
0.252789 0
0.998392 1
0.997247 1
0.999436 1
0 1
0.9924 0
0.999529 1
0.99938 1
0.99271 0
0.99937 1
0.998132 1
0 1
0.195239 0
0.988813 0
0.981243 1
0.998398 1
0.982218 1
0.986271 1
0.986714 1
0.178356 0
0.999045 1
0.864207 0
0.999801 1
0.999559 1
0.999072 1
0.999457 1
0.127169 0
0.999268 1
0.307602 0
0.123186 0
0.334244 0
0.999283 1
0.997288 1
0.995213 1
0.862054 0
0.999649 1
0.346896 0
0.998821 1
0.999191 1
0.540413 0
0.996056 1
0.998984 1
0.955151 1
0.999151 1
0.998354 1
0.999783 1
0.999567 1
0.999842 1
0.999669 1
0.881335 1
0.999765 1
0.958743 1
0.997188 1
0.99956 1
0.984777 1
0.833517 1
0.997726 1
0.999116 1
0.922014 1
0.999278 1
0.998993 1
0.726064 0
0.999585 1
0.998749 1
0.847275 0
0.154631 0
0.859798 0
0.999493 1
0.998909 1
0.999052 1
0.998679 1
0.884995 1
0.997759 1
0.483446 0
0.99959 1
0.662859 0
0.353301 0
0.998433 1
0.999384 1
0.999159 1
0.998718 1
0.995857 1
0.998863 1
0.998893 1
0.998444 1
0.999723 1
0.999488 1
0.998861 1
0 1
0.112393 0
0.999496 1
0.999532 1
0.185857 0
0.998287 1
0.95023 0
0.738685 0
0.999331 1
0.218515 0
0.992875 1
0.999252 1
0 1
0.245423 0
0.471434 0
0.729259 0
0.919554 0
0.163082 0
0.999173 1
0.998495 1
0.999782 1
0 1
0.65984 0
0.852761 0
0.999463 1
0.997633 1
0.998827 1
0 1
0.985128 0
0.70752 0
0.999291 1
0.998888 1
0.999497 1
0.999568 1
0.999258 1
0.999669 1
0 1
0.616326 0
0.187712 0
0.999227 1
0.999462 1
0.47774 0
0.118222 0
0.995284 1
0.998287 1
0.998953 1
0.922609 1
0.83638 1
0.999722 1
0.996589 1
0.999638 1
0.999745 1
0.999413 1
0.999625 1
0.999261 1
0.9986 1
0.98448 0
0.892871 0
0.142985 0
0.999579 1
0.999382 1
0.298125 0
0.120499 0
0.26557 0
0.998619 1
0.985267 1
0.987137 1
0.914949 0
0.521665 0
0.165792 0
0.999579 1
0.999597 1
0.135161 0
0.740435 0
0.999552 1
0.291155 0
0.998759 1
0 1
0.650238 0
0.521027 0
0.968875 1
0.999428 1
0.99917 1
0.255846 1
0 1
0.148019 0
0.867976 0
0.999753 1
0.999654 1
0.998615 1
0.999723 1
0.967174 0
0.410848 0
0.999605 1
0.972052 1
0.177241 0
0.999683 1
0.999374 1
0.999585 1
0.108786 0
0.213123 0
0.999655 1
0.126627 1
0.147203 0
0.952502 0
0.32268 0
0.998819 1
0.999133 1
0.464433 0
0.999516 1
0.999191 1
0.999597 1
0.99922 1
0.99931 1
0.433483 0
0.269501 0
0.999721 1
0.999808 1
0.168845 0
0.990481 0
0.999095 1
0.992228 1
0.999397 1
0.99938 1
0.662953 0
0.999203 1
0.999808 1
0 1
0 1
0 1
0.656564 0
0.81815 0
0.429325 0
0.580326 0
0.672374 0
0.974064 1
0.907516 1
0.999351 1
0.951447 1
0.992683 1
0.996089 1
0.999474 1
0.999582 1
0.999694 1
0.999444 1
0.999301 1
0 1
0 1
0 1
0 1
0 1
0.985128 0
0.998231 1
0.955661 1
0.980348 1
0.826879 1
0.661468 1
0.963617 1
0.998608 1
0.998814 1
0.995976 0
0.999377 1
0.999072 1
0.999637 1
0.989616 1
0.99865 1
0.999442 1
0.999103 1
0.999791 1
0.99941 1
0.999285 1
0.999562 1
0.99938 1
0.999451 1
0 1
0 1
0.923821 0
0.949531 1
0.999243 1
0.998276 1
0.843273 1
0.946676 1
0.898796 1
0.997917 1
0.993502 1
0.999288 1
0.999298 1
0.99944 1
0.995663 1
0.998683 1
0.998366 1
0.999252 1
0.998603 1
0.999412 1
0.840599 0
0.135247 0
0.455435 0
0.736264 0
0.999545 1
0.999525 1
0.999259 1
0.999173 1
0.199489 0
0.998866 1
0.999062 1
0.999071 1
0.996887 1
0.998842 1
0 1
0 1
0.999707 1
0.109154 0
0.999681 1
0.99932 1
0.999652 1
0.999281 1
0.999551 1
0.999507 1
0.999376 1
0.999493 1
0.999492 1
0.124188 0
0.999711 1
0.995076 0
0.998811 1
0.999806 1
0.998915 1
0.998541 1
0.999423 1
0.998687 1
0.999 1
0.12616 0
0.171534 0
0.491988 0
0.992589 1
0.9994 1
0.743704 0
0.999502 1
0 1
0.999414 1
0.999144 1
0.999146 1
0.999247 1
0.996157 1
0.999232 1
0.212183 0
0.999446 1
0.116686 0
0.999732 1
0.999324 1
0.999208 1
0.417387 0
0.999591 1
0 1
0.432124 0
0.146598 0
0.470308 0
0.446112 0
0.896127 0
0.99931 1
0.993184 1
0.21286 0
0.237445 0
0.999101 1
0.99931 1
0.214546 0
0.505149 0
0.999338 1
0.998641 1
0.998133 1
0.999663 1
0.999608 1
0.104084 0
0.181406 0
0.99962 1
0.998839 1
0.998908 1
0.997876 1
0.99896 1
0.110336 0
0.211005 0
0.946879 0
0.998037 1
0.999266 1
0.999607 1
0.999239 1
0.998743 1
0.353446 0
0.974689 0
0.307969 0
0.999784 1
0.972276 0
0.998009 1
0.998743 1
0.997583 1
0.163193 0
0.161147 0
0.99938 1
0.999465 1
0.999674 1
0.999156 1
0.998924 1
0.999046 1
0.895791 0
0.999538 1
0.996691 1
0.999575 1
0.221026 0
0.160276 0
0.640321 0
0.817037 0
0.611154 0
0.997621 1
0.999292 1
0.992435 1
0.911621 1
0.991197 1
0.969085 1
0.990759 1
0.937768 1
0.938248 1
0.945577 1
0.967027 1
0.999518 1
0.987301 1
0.979557 1
0.640644 0
0.99913 1
0.998854 1
0.99943 1
0.999261 1
0.999578 1
0 1
0.872935 0
0.999588 1
0.999347 1
0.999539 1
0.999327 1
0.999373 1
0.999235 1
0.999437 1
0.999472 1
0.279002 0
0.99844 1
0.997809 1
0.99956 1
0.999139 1
0.999094 1
0.998933 1
0.999611 1
0 1
0.991744 0
0.999511 1
0 1
0 1
0.987887 0
0.677046 0
0.920193 0
0.998694 1
0.999586 1
0.998916 1
0.999377 1
0.999375 1
0.998535 1
0.999247 1
0.766878 0
0.999681 1
0.691241 0
0.999551 1
0 1
0.291677 0
0.805063 0
0.735591 0
0.185 0
0.257546 0
0.421395 0
0.987471 1
0.999744 1
0.974178 1
0.998803 1
0.999567 1
0.999661 1
0.999546 1
0.999555 1
0.381385 0
0.999608 1
0.999125 1
0 1
0.388072 0
0.694941 0
0.996476 1
0.997602 1
0.99949 1
0.25157 0
0.999385 1
0.989028 1
0.99956 1
0.389511 0
0.999281 1
0.998901 1
0.999609 1
0.999121 1
0.998714 1
0.253605 0
0.999418 1
0.999356 1
0.998917 1
0.468471 0
0.999604 1
0.998964 1
0.221327 0
0.999673 1
0.998824 1
0.999715 1
0.998926 1
0.89037 0
0.868128 0
0.999471 1
0.998972 1
0.999402 1
0.999523 1
0.99847 1
0.998418 1
0.189992 0
0.999138 1
0.999742 1
0 1
0.876432 0
0.99956 1
0.994172 1
0.998673 1
0.998673 1
0.120998 0
0.999492 1
0.990753 1
0.995356 1
0.181522 0
0.984328 1
0.992219 1
0.999537 1
0.980571 1
0.999192 1
0.220612 0
0.145448 0
0.999291 1
0 1
0.964513 0
0.616475 0
0.987382 1
0.992028 1
0.979471 1
0.998552 1
0.998555 1
0.924215 1
0.994968 1
0.993069 1
0 1
0 1
0.916747 0
0.997996 1
0.999514 1
0 1
0 1
0.927689 0
0.549814 0
0.975462 0
0.925563 1
0.991133 1
0.999357 1
0.964667 1
0.999242 1
0.997508 1
0.12541 0
0.999281 1
0.99865 1
0.998331 1
0.99949 1
0.816371 0
0.430874 0
0.256448 0
0.84389 0
0.998739 1
0.999758 1
0.999387 1
0.999231 1
0.999479 1
0.999648 1
0.999591 1
0.99932 1
0.999392 1
0.229081 0
0.998703 1
0.999449 1
0.999535 1
0.999287 1
0.999761 1
0.999437 1
0.393844 0
0.998817 1
0.998525 1
0.999294 1
0.109697 0
0.999254 1
0.995931 0
0.999635 1
0.999246 1
0.999705 1
0.908874 0
0.946951 0
0.993694 1
0.998658 1
0.121745 0
0.999537 1
0.999653 1
0.99982 1
0.999191 1
0.999453 1
0.146477 0
0.999658 1
0.939441 1
0.994441 1
0.950466 1
0.999384 1
0.999481 1
0.999353 1
0.999659 1
0.999454 1
0.999628 1
0.851546 0
0.999381 1
0.999564 1
0.242729 0
0.754405 0
0.999622 1
0.999306 1
0.998455 1
0.999288 1
0.999717 1
0.278914 0
0.999454 1
0.999423 1
0.999297 1
0 1
0 1
0 1
0 1
0 1
0.563471 0
0.928739 0
0.252484 0
0.881453 0
0.818076 0
0.143292 0
0.9923 1
0.984107 1
0.997439 1
0.940791 1
0.171273 0
0.999227 1
0.999697 1
0.999613 1
0.999392 1
0.999727 1
0.999479 1
0.999415 1
0.999711 1
0.995792 1
0.999675 1
0.787139 0
0.999686 1
0.999582 1
0 1
0.987382 0
0.999503 1
0.998314 1
0.999382 1
0.501964 0
0.64234 0
0.164801 0
0.217871 0
0.998689 1
0.98913 1
0.999381 1
0.999387 1
0.81803 1
0.998856 1
0.999143 1
0.999723 1
0 1
0.998921 1
0 1
0 1
0.928492 0
0.794806 0
0.935138 0
0.998151 1
0.998966 1
0.99281 1
0.998659 1
0.999473 1
0.99971 1
0.291628 0
0.597586 0
0.258851 0
0.253621 0
0.126062 0
0.521063 0
0.11119 0
0.627141 0
0.981144 1
0.999377 1
0 1
0.502181 0
0.672847 0
0.992699 0
0.870142 0
0.995938 1
0.998559 1
0.995267 1
0.999022 1
0.999697 1
0.259277 0
0.336641 0
0.916996 1
0.999571 1
0.968644 1
0.999699 1
0.75599 0
0.999352 1
0.999708 1
0.999287 1
0.994074 1
0.998771 1
0.999427 1
0.999508 1
0.998298 1
0.998197 1
0.999216 1
0.764322 0
0.999663 1
0.997667 1
0.999194 1
0.999356 1
0.374757 0
0.999645 1
0 1
0.954557 0
0.995004 1
0.993714 1
0.999426 1
0.948472 1
0.999587 1
0.292789 0
0.999751 1
0.999625 1
0.999736 1
0.999624 1
0.52798 0
0.998836 1
0 1
0.217051 0
0.956348 0
0.999151 1
0.99952 1
0.999861 1
0.999487 1
0.560887 1
0.999587 1
0.308046 0
0.202208 0
0.998704 1
0.999571 1
0.998576 1
0.994959 1
0.921984 1
0.999322 1
0.999608 1
0.99954 1
0.133425 0
0.999331 1
0.999197 1
0.998966 1
0.999804 1
0.996838 1
0.699871 0
0.937062 0
0.91462 1
0.996602 1
0.999637 1
0.99818 1
0.987548 1
0.404583 0
0.999332 1
0.999302 1
0.986594 1
0.999459 1
0.999271 1
0.98884 0
0.999211 1
0.999478 1
0.999225 1
0.998921 1
0.997855 0
0.999115 1
0.997475 1
0.997247 1
0.999784 1
0 1
0.120064 0
0.313055 0
0.998641 1
0.987123 1
0.997167 1
0.998908 1
0.93861 1
0.999559 1
0.99868 1
0.998401 1
0.999756 1
0.114578 0
0.997491 1
0.995747 1
0.999335 1
0.999483 1
0.801798 0
0.999636 1
0.999685 1
0.672717 0
0.990623 1
0.979488 1
0.99911 1
0.998552 1
0.998458 1
0.278233 0
0.550696 0
0.607475 0
0.181264 0
0.194382 0
0.868088 1
0.999739 1
0.999344 1
0.999352 1
0.999287 1
0.999729 1
0.999475 1
0.997701 1
0.999109 1
0.998672 1
0.999554 1
0.999075 1
0.99958 1
0.998309 1
0.999177 1
0.71661 0
0.998681 1
0.999701 1
0.350374 0
0.159633 0
0.998455 1
0.998104 1
0.999755 1
0.949317 0
0.217248 0
0.936292 1
0.999457 1
0.992604 1
0.994555 1
0 1
0 1
0 1
0 1
0.992284 0
0.290405 0
0.999205 1
0.992409 1
0.999048 1
0.989515 1
0.990223 1
0.998803 1
0.99798 1
0.999685 1
0.621754 0
0.111096 0
0.999708 1
0.998909 1
0.999308 1
0.999132 1
0.999615 1
0.999649 1
0.999563 1
0.999754 1
0.999711 1
0.314256 0
0.209499 0
0.998881 1
0.985093 1
0.967079 1
0.99621 1
0.995648 0
0.999686 1
0.999667 1
0.999131 1
0.262625 0
0.928741 0
0.999361 1
0.999421 1
0.999342 1
0.999497 1
0.999464 1
0 1
0 1
0.335777 0
0.965848 0
0.99637 1
0.999071 1
0.993452 1
0.638299 1
0.976568 1
0.999134 1
0.998606 1
0.851458 0
0.999678 1
0.566855 0
0.998882 1
0.996457 1
0.98521 1
0.999704 1
0.999116 1
0.944944 1
0.998049 1
0.999116 1
0.979627 1
0.999259 1
0.999498 1
0.998103 1
0.999713 1
0.102354 0
0.999152 1
0.482168 0
0.999373 1
0.999783 1
0.999418 1
0.187589 0
0.999248 1
0.999179 1
0.997611 1
0.998805 1
0.999339 1
0.999626 1
0.99971 1
0.999033 1
0.999457 1
0.99961 1
0.99962 1
0.999494 1
0.99912 1
0.999778 1
0.999699 1
0.151016 0
0.257254 0
0.99968 1
0.997992 1
0.992373 1
0.999563 1
0.999674 1
0.999506 1
0.999626 1
0.999125 1
0 1
0.969033 0
0.998508 1
0.937 1
0.999627 1
0.999398 1
0.430421 0
0.999632 1
0.99912 1
0.999093 1
0.998961 1
0.100332 0
0.999672 1
0.998193 1
0.999023 1
0.180712 0
0.368065 0
0.999465 1
0.74639 0
0.999206 1
0.998202 1
0.982251 1
0.374221 0
0.999486 1
0.999602 1
0.999276 1
0.99937 1
0.999493 1
0.999028 1
0.999713 1
0 1
0.996352 0
0.999227 1
0.999353 1
0.999341 1
0.999665 1
0.121728 0
0.999707 1
0 1
0.318344 0
0.559692 0
0.923875 0
0.280844 0
0.999175 1
0.981323 0
0.999273 1
0 1
0.360949 0
0.918709 0
0.743114 0
0.999727 1
0.997723 1
0.999279 1
0.997665 1
0.99857 1
0.999789 1
0.999635 1
0.998457 1
0.999535 1
0.995206 1
0.999386 1
0.999501 1
0.997877 1
0.998794 1
0.999785 1
0.999771 1
0.999373 1
0.999612 1
0.819647 0
0.999501 1
0.986556 1
0.99258 1
0.864874 1
0.996847 1
0.999222 1
0.997885 1
0.999249 1
0.920687 1
0.99949 1
0.979341 1
0.999642 1
0.999638 1
0.999659 1
0.999826 1
0.999464 1
0.99902 1
0.997347 1
0.999612 1
0 1
0 1
0.464864 0
0.345017 0
0.184426 0
0.753659 0
0.190644 0
0.990511 0
0.980476 1
0.998814 1
0.965521 1
0.842223 1
0.999527 1
0.999499 1
0.998367 1
0.999694 1
0.999585 1
0.99977 1
0.999844 1
0.985347 1
0.998193 1
0.461967 1
0.997364 1
0.992344 1
0.99864 1
0.99943 1
0.999509 1
0.998604 1
0.996358 1
0.996764 1
0.969244 0
0.449245 0
0.998598 1
0 1
0.576722 0
0.995495 0
0.999609 1
0.999706 1
0.999825 1
0.99955 1
0.999432 1
0.998819 1
0.99965 1
0.999112 1
0.290927 0
0.559859 0
0.999423 1
0.999464 1
0.362233 0
0.102671 0
0.995765 1
0.999335 1
0.999857 1
0.999672 1
0.76538 0
0.999622 1
0.806585 1
0.999141 1
0.999377 1
0.999578 1
0.999642 1
0.303989 0
0.999762 1
0.999446 1
0.999289 1
0.99966 1
0.99938 1
0.996588 1
0.999549 1
0.213531 0
0.997815 1
0.999696 1
0.999265 1
0.999027 1
0.626575 0
0.999458 1
0.920753 0
0.469746 0
0.998244 1
0.999355 1
0.999412 1
0.999672 1
0 1
0.985502 0
0.99947 1
0.188502 0
0.321008 0
0.176763 0
0.998757 1
0.999355 1
0.406141 0
0.515481 0
0.998882 1
0.997674 1
0.253552 0
0.688974 0
0.997945 1
0.998166 1
0.999377 1
0.999526 1
0.999508 1
0.999433 1
0.349137 0
0.999644 1
0.999786 1
0.998581 1
0.999639 1
0.121378 0
0.999224 1
0.99268 1
0.999229 1
0.999679 1
0 1
0.978669 0
0.547765 0
0.872826 1
0.998861 1
0.973776 1
0.999653 1
0.99982 1
0.999668 1
0.999634 1
0.999203 1
0.999288 1
0.999506 1
0.16368 0
0.133457 0
0.999443 1
0 1
0.994287 0
0.999635 1
0.999696 1
0.998876 1
0.670088 0
0.999554 1
0.490583 0
0.998729 1
0.996062 0
0.999644 1
0.999592 1
0.60418 0
0.999485 1
0.99957 1
0.998674 1
0.99288 1
0.999486 1
0.999799 1
0.793668 0
0.999048 1
0.999592 1
0.999836 1
0.999389 1
0.999541 1
0.99959 1
0.122092 0
0.998122 1
0.641419 0
0.634549 0
0.105586 0
0.585669 0
0.999387 1
0.998055 1
0.921113 1
0.99935 1
0.248399 0
0.199234 0
0.99961 1
0.9989 1
0.999604 1
0 1
0 1
0.964629 0
0.442394 0
0.555438 0
0.771878 0
0.368181 0
0.983441 1
0.999635 1
0.754563 1
0.998683 1
0.628062 1
0.958637 0
0.986242 1
0.947037 1
0.966219 1
0.887202 1
0.949295 1
0.955229 1
0.987595 1
0.997346 1
0.990956 1
0.999452 1
0.12651 0
0.143634 0
0.999686 1
0.99922 1
0.999608 1
0.999648 1
0.999522 1
0.999213 1
0.999598 1
0.999392 1
0 1
0.160937 0
0.898856 0
0.999137 1
0.999575 1
0.99889 1
0.99959 1
0.999343 1
0.999549 1
0.99948 1
0.978589 1
0.10093 0
0.998855 1
0.999418 1
0.999469 1
0.999252 1
0.999438 1
0.517524 0
0.999263 1
0.124219 0
0.304829 0
0.998516 1
0.999408 1
0.108508 0
0.191428 0
0.999796 1
0.999355 1
0.996933 1
0 1
0.923476 0
0.998705 1
0.998758 1
0.998594 1
0.126256 0
0.999332 1
0.998863 1
0.996385 1
0.835452 0
0.998794 1
0.99908 1
0.301677 0
0.999145 1
0.999264 1
0.998802 1
0.998263 1
0.999787 1
0.999813 1
0.997773 1
0.965592 0
0.999196 1
0.99916 1
0.99934 1
0.175556 0
0.998997 1
0.992199 1
0.999548 1
0.192476 0
0.144691 0
0.999155 1
0.999066 1
0.999006 1
0.999649 1
0.238193 0
0.999634 1
0.997892 1
0.996119 1
0.999206 1
0.996832 1
0.105037 0
0.99853 1
0.998883 1
0.999101 1
0.176709 0
0.999392 1
0.999828 1
0.193675 0
0.999583 1
0.376186 0
0.999665 1
0.999153 1
0.999375 1
0.999354 1
0.999687 1
0.999648 1
0.999676 1
0.99899 1
0.998687 1
0.297486 0
0.294124 0
0.999123 1
0.898883 0
0.999232 1
0.997425 1
0.997188 1
0.999499 1
0 1
0 1
0.392646 0
0.788323 0
0.764943 0
0.995209 1
0.999749 1
0.349116 0
0.999619 1
0.999306 1
0.999363 1
0.999352 1
0.999415 1
0.999283 1
0.999471 1
0.999413 1
0.999569 1
0.999585 1
0.999573 1
0.999547 1
0.999163 1
0.998954 1
0.145526 0
0.999575 1
0.995538 1
0.999731 1
0.999592 1
0.999609 1
0 1
0.14665 0
0.999555 1
0.295271 1
0.999726 1
0.999147 1
0.999008 1
0.999737 1
0.999708 1
0.999534 1
0.999687 1
0.999025 1
0.997446 1
0 1
0 1
0.779262 0
0.914323 0
0.999658 1
0.999308 1
0.999276 1
0.999619 1
0.998539 1
0.999555 1
0.141349 0
0.999194 1
0.998815 1
0.998196 1
0.999121 1
0.99938 1
0.999563 1
0.169376 0
0.999034 1
0.999674 1
