0 1
0.999807 0
0.999566 1
0.99991 1
0.999856 1
0.993642 1
0.999919 1
0.757188 0
0.202985 0
0.998739 1
0.996383 1
0.99952 1
0.999932 1
0.999865 1
0.333466 0
0.999812 1
0.999859 1
0.776688 1
0.997479 1
0.999254 1
0.998798 1
0.999334 1
0.999931 1
0.845805 0
0.999871 1
0.999681 1
0.99795 1
0 1
0 1
0 1
0 1
0 1
0.516859 1
0.999566 1
0.167002 0
0.146907 0
0.94571 0
0.308695 0
0.998253 1
0.999523 1
0.999569 1
0.998997 1
0.997855 1
0.990105 1
0.999672 1
0.99992 1
0.999883 1
0.999936 1
0.998681 1
0.999905 1
0.999913 1
0.999896 1
0.999932 1
0.999882 1
0.314369 0
0.999902 1
0.999692 1
0.999867 1
0.551017 0
0.999874 1
0.411128 0
0.999616 1
0.999049 1
0.999895 1
0.999863 1
0.995296 1
0.999831 1
0.999805 1
0.999934 1
0.998947 1
0.99915 1
0.999895 1
0.999765 1
0.999699 1
0.999755 1
0.999912 1
0.999195 1
0.999825 1
0 1
0 1
0.995026 0
0.997704 0
0.946012 1
0.99984 1
0.99979 1
0.999909 1
0.999893 1
0.999818 1
0.999634 1
0.999534 1
0.999886 1
0.999656 1
0.999912 1
0.999833 1
0.999802 1
0.99991 1
0.999934 1
0.999754 1
0.999769 1
0 1
0.703223 0
0.999865 1
0.999755 1
0 1
0.999917 1
0.849252 1
0.327294 1
0.222565 1
0.248717 0
0.999609 1
0.999579 1
0.999921 1
0.999828 1
0.999458 1
0.999943 1
0.998642 1
0.999819 1
0.999868 1
0.999917 1
0.999763 1
0.999154 1
0.999838 1
0.99994 1
0.999943 1
0.999749 1
0.99969 1
0 1
0.993602 0
0.999761 1
0.999857 1
0.999889 1
0.999557 1
0.21806 0
0.999702 1
0.990335 1
0.999838 1
0.999944 1
0 1
0.976437 0
0.999731 1
0.999108 1
0.99988 1
0.932395 1
0.999854 1
0.999863 1
0.999935 1
0.999882 1
0.99953 1
0.514654 1
0.674296 0
0.998522 1
0.998529 1
0.999278 1
0.999852 1
0.999411 1
0.999708 1
0.999778 1
0.999384 1
0.99711 1
0.999835 1
0.999741 1
0.999932 1
0.999917 1
0 1
0 1
0.992743 0
0.998204 0
0.881383 0
0.999915 1
0.980879 0
0.135852 0
0.999617 1
0.999894 1
0.999744 1
0.999794 1
0.110731 0
0.999847 1
0.999802 1
0.999603 1
0.999723 1
0.216864 0
0.999807 1
0.997827 1
0.999636 1
0.999704 1
0.999573 1
0.184371 0
0.995656 1
0.935847 1
0.96126 1
0.999395 1
0.99961 1
0.999569 1
0.999177 1
0.890915 0
0.101857 0
0.99988 1
0.891423 1
0.999698 1
0.878235 0
0.99928 1
0.9998 1
0.999893 1
0.999669 1
0.950177 0
0.99986 1
0.999866 1
0.999609 1
0.99898 1
0.990737 1
0.999946 1
0.999835 1
0.999555 1
0.999834 1
0.999707 1
0.999793 1
0.999942 1
0.999954 1
0.178346 0
0.999919 1
0.999887 1
0 1
0.995642 0
0.99975 1
0.999782 1
0.999916 1
0.999765 1
0.999857 1
0.999726 1
0.999887 1
0.97924 0
0.999853 1
0.999924 1
0.999928 1
0.999842 1
0.999252 1
0.999915 1
0.999899 1
0 1
0.99991 1
0.996557 1
0.999648 1
0.999482 1
0.993637 0
0.22658 0
0.999381 1
0.999798 1
0.999897 1
0.999689 1
0.756601 0
0.999803 1
0.999917 1
0.999929 1
0.999836 1
0.999082 1
0.999454 1
0.99979 1
0.999907 1
0.999871 1
0.999925 1
0.999936 1
0.999903 1
0.999905 1
0.999921 1
0.999892 1
0.999921 1
0.999893 1
0.999892 1
0.999918 1
0.999839 1
0.999824 1
0.999498 1
0.468601 0
0.997605 1
0.998131 1
0.999764 1
0.999633 1
0.999427 1
0.99905 1
0.9999 1
0.999903 1
0.999917 1
0.514901 0
0.140885 0
0.999792 1
0.999467 1
0.972205 1
0.998722 1
0.999836 1
0.999861 1
0.999499 1
0.999662 1
0.999888 1
0.995925 1
0.999517 1
0.999908 1
0.999599 1
0.999759 1
0.119038 0
0.999838 1
0 1
0.965858 0
0.78101 0
0.579831 0
0.999558 1
0.264896 1
0.996782 1
0.998598 1
0.999282 1
0.100847 0
0.999836 1
0.999858 1
0.99842 1
0.999829 1
0.999824 1
0.999184 1
0.999792 1
0.999754 1
0.990732 1
0.988606 1
0.999859 1
0 1
0 1
0.998938 0
0.996285 0
0.999759 1
0.999006 1
0.998957 1
0.991065 1
0.999961 1
0.999773 1
0.999745 1
0.999942 1
0.999933 1
0.999902 1
0.99881 1
0.999914 1
0.999925 1
0.999707 1
0.999832 1
0.999936 1
0.99989 1
0.999872 1
0.99947 1
0.668175 0
0.998823 1
0.973909 1
0.896011 1
0.999911 1
0.991047 1
0.999846 1
0.999915 1
0.999956 1
0.999906 1
0 1
0 1
0.999892 1
0.999874 1
0.966653 0
0.99968 1
0.999164 1
0.999659 1
0.999327 1
0.999884 1
0.999873 1
0.999768 1
0.99981 1
0 1
0.999278 0
0.709098 0
0.999905 1
0.999871 1
0.999867 1
0.999744 1
0.998348 1
0.99991 1
0.999834 1
0.999884 1
0.999543 1
0.999751 1
0.997962 1
0.999895 1
0.999859 1
0.999921 1
0.999312 1
0.999901 1
0.999845 1
0.999878 1
0.999686 1
0.999706 1
0.999706 1
0.999647 1
0.999706 1
0.999866 1
0.999868 1
0.999813 1
0.999881 1
0.990559 1
0.999878 1
0.998372 1
0.999096 1
0.999759 1
0.999659 1
0.99993 1
0.999938 1
0.999913 1
0.999908 1
0.999898 1
0.999494 1
0.999612 1
0.999871 1
0.999804 1
0 1
0.997004 1
0.99988 1
0.999713 1
0.999928 1
0.999964 1
0.999824 1
0.999862 1
0.999931 1
0 1
0 1
0 1
0.999817 1
0.999826 1
0.999951 1
0.199857 0
0.999857 1
0.999847 1
0.999821 1
0.999893 1
0.299908 0
0.999896 1
0.99988 1
0.999849 1
0.999934 1
0.999937 1
0.999778 1
0.99992 1
0.995639 1
0.999841 1
0.999942 1
0.963186 0
0.99913 1
0.999882 1
0.999899 1
0.999889 1
0.999943 1
0.936354 0
0.99989 1
0.999772 1
0 1
0.152644 0
0.922917 1
0.997506 1
0.938081 1
0.99457 1
0.99555 1
0.999847 1
0.931891 1
0.999949 1
0.999861 1
0.9998 1
0.999878 1
0.999888 1
0.99986 1
0.999928 1
0.191726 0
0.13137 0
0.999887 1
0.999814 1
0.999789 1
0.999502 1
0.999428 1
0.998984 1
0.999857 1
0.999846 1
0.999921 1
0.999932 1
0.999934 1
0.999826 1
0.153825 0
0.999587 1
0.999783 1
0.999898 1
0.999875 1
0.999899 1
0.999897 1
0.999782 1
0.998965 1
0.999907 1
0.264021 0
0.9994 1
0.999664 1
0.999759 1
0.999918 1
0.567261 0
0.999175 1
0.997158 1
0.99983 1
0 1
0 1
0.243878 0
0.995409 0
0.8784 0
0.947747 0
0.361882 0
0.101664 0
0.99886 1
0.999824 1
0.929865 1
0.995888 1
0.983473 1
0.999848 1
0.999464 1
0.999911 1
0.46023 0
0.999737 1
0.999792 1
0.999768 1
0.999939 1
0.999896 1
0.993994 1
0.999259 1
0.999924 1
0.999931 1
0 1
0.999026 1
0.997909 1
0.999593 1
0.997292 1
0.99522 1
0.996192 1
0.998167 1
0.999607 1
0.977588 1
0.995748 1
0.991308 1
0.969588 1
0.999926 1
0.998116 0
0.999692 1
0.465337 0
0.999593 1
0.999715 1
0.999955 1
0.999854 1
0.999644 1
0.999936 1
0.999748 1
0.999873 1
0.999806 1
0.999527 1
0.999837 1
0.999822 1
0.999937 1
0 1
0.99963 0
0.999652 1
0.999859 1
0.999859 1
0.999926 1
0.999487 1
0.999865 1
0.999875 1
0.999849 1
0.999891 1
0.999009 1
0.999817 1
0.999448 1
0.995043 1
0.999774 1
0.999719 1
0.999847 1
0.999508 1
0.999772 1
0.999944 1
0.99986 1
0.999889 1
0.999897 1
0.999758 1
0.999803 1
0.999908 1
0 1
0.99965 1
0.967329 1
0.999953 1
0.99971 1
0.999652 1
0.9999 1
0.954227 0
0.9958 0
0.999649 1
0.999686 1
0.999942 1
0.999818 1
0.999645 1
0.999909 1
0.999874 1
0.981539 0
0.104322 0
0.988822 0
0.999345 1
0.999115 1
0.990682 1
0.998678 1
0.999406 1
0.999156 1
0.999889 1
0.999771 1
0.999876 1
0.999901 1
0.999903 1
0.999769 1
0.999928 1
0.999411 1
0.999349 1
0.998064 1
0.998314 1
0.999615 1
0.999785 1
0.999887 1
0.999843 1
0.999461 1
0.999907 1
0.999824 1
0.999814 1
0.969426 1
0.911405 1
0.998977 1
0.845704 1
0.132994 0
0.999735 1
0.999699 1
0.99713 1
0.999876 1
0 1
0.998384 0
0.377474 0
0.998039 1
0.999858 1
0.999797 1
0.999821 1
0.999909 1
0.999941 1
0.999894 1
0.999817 1
0.998835 1
0.999739 1
0 1
0.999694 1
0.999348 1
0.999937 1
0.999798 1
0.999694 1
0.999932 1
0 1
0.959376 0
0.999803 1
0.999442 1
0.999912 1
0.999804 1
0.999743 1
0.999919 1
0 1
0.999905 1
0.999038 1
0.99991 1
0.998295 1
0.999871 1
0.130306 0
0.993528 0
0.999768 1
0.999774 1
0.999524 1
0.999766 1
0 1
0.987872 0
0.998225 0
0.999154 1
0.99981 1
0.998648 1
0.999933 1
0.997727 1
0.999858 1
0.999894 1
0.999927 1
0.798853 0
0.932459 1
0.99725 1
0.999337 1
0 1
0.961659 0
0.125063 0
0.999725 1
0.998996 1
0.995933 1
0.999821 1
0.99986 1
0.999745 1
0.99992 1
0.999876 1
0.621738 0
0.999484 1
0.99715 1
0.999807 1
0.999901 1
0.419065 0
0.999357 1
0.999631 1
0.914366 0
0.999621 1
0.999786 1
0.170632 0
0.989548 0
0.749137 0
0.953729 0
0.998249 1
0.996659 1
0.999859 1
0.285989 0
0.999897 1
0.901913 0
0.999922 1
0.99993 1
0.999233 1
0 1
0.959642 0
0.926642 0
0.99945 1
0.951634 1
0.998919 1
0.996095 1
0.999754 1
0 1
0 1
0.99983 1
0.990991 1
0.999857 1
0.999545 1
0.999874 1
0.999887 1
0.998174 0
0.999726 1
0.999888 1
0.999853 1
0.999933 1
0.99992 1
0.999861 1
0.999767 1
0.999656 1
0.999815 1
0.999546 1
0.999657 1
0.999604 1
0.99976 1
0.999849 1
0.999946 1
0.9998 1
0.999804 1
0.999912 1
0.999707 1
0.999814 1
0.99984 1
0.999896 1
0 1
0 1
0 1
0.394402 0
0.999339 1
0 1
0 1
0.999578 1
0.999903 1
0 1
0.999879 1
0.997386 1
0.999931 1
0.999824 1
0.997847 1
0.999878 1
0.999694 1
0.999907 1
0 1
0 1
0 1
0 1
0 1
0 1
0 1
0.184903 0
0.838455 0
0.211196 0
0.217228 0
0.340047 1
0.725137 1
0.999577 1
0.917475 0
0.999417 1
0.999785 1
0.999895 1
0.999841 1
0.999728 1
0.998854 1
0.999921 1
0.999862 1
0.99924 1
0.999891 1
0.999778 1
0.995651 1
0.999345 1
0.999916 1
0 1
0.999917 1
0.999696 1
0.999833 1
0.999336 1
0.999822 1
0.997823 1
0.996562 1
0.999933 1
0.999848 1
0 1
0.985157 0
0.610799 0
0.995512 1
0.999431 1
0.999842 1
0.999103 1
0.996837 1
0.999733 1
0.999938 1
0.999889 1
0.999707 1
0.999819 1
0.999683 1
0.996916 0
0.999724 1
0.999875 1
0.999804 1
0.999915 1
0.999903 1
0 1
0.327261 0
0.994166 0
0.999369 1
0.999869 1
0.998972 1
0.999695 1
0.996999 1
0.130575 0
0.999879 1
0 1
0.999747 1
0.998792 1
0.999818 1
0.999878 1
0.138009 0
0.999819 1
0.999882 1
0.999946 1
0.999232 0
0.999452 1
0.99977 1
0.999922 1
0.99944 1
0.999889 1
0.995359 1
0.990946 0
0.999819 1
0.999923 1
0.999925 1
0.999941 1
0.999849 1
0.452944 0
0.999899 1
0.999803 1
0.999855 1
0.99993 1
0.999687 1
0.999772 1
0.999902 1
0.996392 1
0.998289 1
0.998401 1
0.999722 1
0.999463 1
0.999468 1
0.999399 1
0.999321 1
0.999852 1
0 1
0 1
0.999915 1
0.999867 1
0.999956 1
0.999823 1
0.962362 1
0.999916 1
0.999897 1
0.999832 1
0.999759 1
0.999888 1
0.99987 1
0.999662 1
0.999911 1
0.999862 1
0.999916 1
0.999913 1
0.999919 1
0 1
0.998819 0
0.477156 0
0.991252 1
0.995796 1
0.990286 1
0.998863 1
0.999888 1
0.999912 1
0.99982 1
0.999914 1
0.999851 1
0.99987 1
0.999695 1
0.99975 1
0.998264 1
0.974906 1
0.987747 1
0.875951 1
0.999947 1
0.999653 1
0.999909 1
0.999847 1
0.999951 1
0.999781 1
0.999886 1
0.999759 1
0.999886 1
0.999821 1
0.999892 1
0.999803 1
0.999886 1
0.999726 1
0.999845 1
0.999846 1
0.241075 0
0.999634 1
0.999791 1
0.999914 1
0.114933 0
0.999649 1
0.948868 1
0.999627 1
0.913576 1
0.999896 1
0.979541 0
0.987496 1
0.997717 1
0.999939 1
0.999903 1
0.999017 1
0.999894 1
0.999414 1
0.999275 1
0 1
0.99991 1
0.999574 1
0.299906 0
0.999549 1
0.999357 1
0.726484 0
0.999798 1
0.999876 1
0 1
0 1
0.992283 0
0.309477 0
0.991192 0
0.919467 0
0.948208 0
0.961466 0
0.465576 0
0.831719 0
0.998677 1
0.999388 1
0.990392 1
0.998173 1
0.999138 1
0.974685 1
0.998391 1
0.988845 1
0.999637 1
0.992274 1
0.976885 1
0.999834 1
0.999811 1
0.999875 1
0.999744 1
0.998882 1
0.600049 0
0.980482 0
0.919009 0
0.997092 1
0.999881 1
0.998787 1
0.999811 1
0.999869 1
0.999696 1
0.998825 1
0.999141 1
0.999806 1
0.982169 1
0.999906 1
0.999736 1
0.999743 1
0.999907 1
0 1
0.444372 0
0.40883 1
0.999874 1
0.999056 1
0.999862 1
0.999924 1
0.164658 0
0.999849 1
0.999956 1
0.99975 1
0.726927 0
0.99992 1
0.999924 1
0.999908 1
0.999912 1
0.999814 1
0.999902 1
0.999931 1
0.999779 1
0.999786 1
0.990562 1
0.999659 1
0.999885 1
0 1
0.992849 0
0.999826 1
0 1
0 1
0.998775 1
0.994922 1
0.99984 1
0.999921 1
0.999908 1
0 1
0 1
0.553108 0
0.156709 0
0.438989 0
0.668783 0
0.962213 0
0.999649 1
0.990057 1
0.996047 1
0.999528 1
0.999582 1
0.99955 1
0.999646 1
0.996703 1
0.999598 1
0.99971 1
0.999284 1
0.998815 1
0.141477 0
0.745112 0
0.999866 1
0.99987 1
0.99993 1
0.999358 1
0.999916 1
0.999867 1
0.999878 1
0.999892 1
0 1
0.18906 1
0.99927 1
0.191753 0
0.99343 1
0.999654 1
0.999166 1
0.99957 1
0.999416 1
0.99986 1
0.999828 1
0.999632 1
0.999876 1
0.999937 1
0.999374 1
0.999877 1
0.999899 1
0.999873 1
0.999928 1
0.998671 1
0.999867 1
0.999725 1
0.999779 1
0.999842 1
0.999904 1
0.999833 1
0.999512 1
0.999881 1
0.993101 1
0.997432 1
0.999749 1
0.999653 1
0 1
0.941461 0
0.994355 0
0.72546 0
0.999053 1
0.993654 1
0.998691 1
0.999589 1
0.999831 1
0.998518 1
0.749695 0
0.999776 1
0.999754 1
0.99994 1
0.999802 1
0.999847 1
0.353085 0
0.119718 0
0.964657 0
0.1581 0
0.999846 1
0.999772 1
0.999855 1
0.999873 1
0.999483 1
0.998981 1
0.978445 0
0.999895 1
0.999695 1
0.999736 1
0.999094 1
0.999953 1
0.999899 1
0.999869 1
0.999902 1
0.999912 1
0.999921 1
0.99956 1
0.984233 0
0.998693 1
0.996764 1
0.99992 1
0.999533 1
0 1
0.960497 0
0.999893 1
0.100884 0
0.999844 1
0.99961 1
0.999868 1
0.999817 1
0.999826 1
0.999953 1
0.999873 1
0.999857 1
0.999687 1
0.999803 1
0.999747 1
0.998879 1
0.987999 1
0.999825 1
0 1
0.175877 0
0.99319 1
0.999736 1
0.999848 1
0 1
0 1
0.999936 1
0.999772 1
0.999873 1
0.999923 1
0.948276 0
0.999891 1
0.991242 1
0.956555 0
0.981643 0
0.999593 1
0.998386 1
0.999883 1
0.838289 0
0.999896 1
0.999844 1
0.999912 1
0.999669 1
0.999877 1
0.999922 1
0.99928 1
0.99956 1
0.999517 1
0.999819 1
0.999888 1
0.999911 1
0.999882 1
0.107647 0
0.999361 1
0.999892 1
0.130449 0
0.999857 1
0.9999 1
0.999883 1
0 1
0.932205 1
0.999915 1
0.999915 1
0.999862 1
0.674799 0
0.999936 1
0.128854 0
0.999094 1
0.999752 1
0.999404 1
0.297757 0
0.999873 1
0.999914 1
0.281165 0
0.999899 1
0.99985 1
0.999907 1
0.999914 1
0.999904 1
0.999803 1
0.83123 0
0.999815 1
0.642256 0
0.998439 1
0.999239 1
0.999605 1
0.999853 1
0.999925 1
0.999829 1
0.999921 1
0.999544 1
0.999918 1
0.751288 0
0.999685 1
0.999889 1
0.999913 1
0.999921 1
0.371479 0
0.999431 1
0.999826 1
0.994235 1
0.999722 1
0.999893 1
0.999931 1
0.999878 1
0.999642 1
0.999874 1
0.999818 1
0.999904 1
0.9999 1
0.999875 1
0.9852 0
0.999939 1
0 1
0.999796 1
0.999888 1
0.999881 1
0.999843 1
0.999877 1
0.999919 1
0 1
0 1
0.873307 0
0.999483 1
0.288966 1
0.996675 1
0.999288 1
0.995716 1
0.985355 1
0.99929 1
0.99989 1
0.999681 1
0.999848 1
0.99715 1
0.999809 1
0.999477 1
0.999863 1
0.968339 0
0.999839 1
0.998053 1
0.997945 1
0.987262 1
0.999814 1
0.998978 1
0.999874 1
0.999792 1
0.999761 1
0.999872 1
0.999674 1
0.9999 1
0 1
0.999954 1
0.999774 1
0.999894 1
0.999728 1
0.999862 1
0.999455 1
0.547965 0
0.741083 0
0.999018 1
0.999811 1
0.999901 1
0.99988 1
0.999902 1
0.998235 1
0.999778 1
0.994072 0
0.85829 0
0.99987 1
0.997371 1
0.999821 1
0.999917 1
0 1
0.803999 0
0.999013 1
0.999669 1
0.999681 1
0.950594 1
0.999842 1
0.997999 1
0.999808 1
0.999909 1
0.999847 1
0.999926 1
0.999614 1
0.999894 1
0.999763 1
0.999913 1
0.998706 1
0.999828 1
0.999605 1
0.999898 1
0.999604 1
0.999737 1
0.999899 1
0.999868 1
0.999795 1
0.932883 0
0.226402 0
0.981028 0
0.998757 1
0.995894 1
0.999514 1
0.999842 1
0.999902 1
0.999871 1
0.999891 1
0.999929 1
0.999915 1
0.999799 1
0.999889 1
0.999924 1
0.316072 0
0.998845 1
0.999784 1
0.999886 1
0.999887 1
0.356684 0
0.998334 1
0.99988 1
0.999783 1
0.124062 0
0.999555 1
0.999715 1
0.999492 1
0.992675 1
0.987462 1
0.99988 1
0.999719 1
0.99964 1
0.999888 1
0.999889 1
0 1
0.995137 0
0.999781 1
0.999445 1
0.997511 1
0.999861 1
0.100207 0
0.999715 1
0.999919 1
0.690674 0
0.88973 0
0.84963 1
0.99931 1
0.999799 1
0.993487 1
0.999239 1
0.997292 1
0.990213 1
0.999618 1
0.99625 1
0.997039 1
0.999781 1
0.999774 1
0.999409 1
0.999632 1
0.999893 1
0.999874 1
0.999375 1
0.999911 1
0.842861 0
0.999466 1
0.999866 1
0.998048 1
0.999654 1
0.999862 1
0.999474 1
0.999583 1
0 1
0.996503 0
0.996655 1
0.998507 1
0.996588 1
0 1
0 1
0.967372 0
0.983459 0
0.999635 1
0.99953 1
0.944089 0
0.626303 0
0.998818 1
0.994039 1
0.999531 1
0.999855 1
0.974597 1
0.999837 1
0.999825 1
0.999079 1
0 1
0.734747 0
0.999721 1
0.916471 1
0.999581 1
0.811538 1
0.99991 1
0.685991 0
0.999829 1
0.203224 0
0.996026 1
0.998888 1
0.999426 1
0.999278 1
0.999199 1
0.999815 1
0.999685 1
0 1
0.340223 0
0.999813 1
0.986239 1
0.999544 1
0.999393 1
0.99441 1
0.998265 1
0.999813 1
0.99966 1
0.999359 1
0.99946 1
0.99987 1
0.999871 1
0 1
0.496469 0
0.998936 0
0.999768 1
0.999871 1
0.999856 1
0.99984 1
0.999842 1
0.999777 1
0.997653 1
0.988945 1
0.999924 1
0.999744 1
0.99982 1
0.999738 1
0.999531 1
0.998431 1
0.911925 0
0.999899 1
0.999785 1
0.999694 1
0.999919 1
0.999931 1
0.999687 1
0.99981 1
0.999863 1
0.999874 1
0.999887 1
0.999609 1
0.999862 1
0.999826 1
0.99985 1
0.999892 1
0.998313 1
0.999881 1
0.998978 1
0.998755 0
0.999528 1
0.999844 1
0.999874 1
0.997201 1
0.999305 1
0.999715 1
0.99989 1
0.99976 1
0.999821 1
0.999884 1
0.989137 1
0.997742 1
0.999877 1
0.999225 1
0.997246 1
0.999855 1
0.997969 1
0.999957 1
0.999949 1
0.999945 1
0.117426 0
0.999595 1
0.999675 1
0.999838 1
0.999419 1
0.988181 1
0.999662 1
0.999664 1
0.999884 1
0.999936 1
0.99984 1
0.999566 1
0.985866 1
0.999289 1
0.999355 1
0.99989 1
0.993002 1
0.999685 1
0.998979 1
0.999836 1
0.999247 1
0.999736 1
0.999885 1
0.999897 1
0 1
0 1
0.999939 1
0.312693 1
0.999788 1
0.999701 1
0.999865 1
0 1
0.353566 0
0.677069 0
0.999816 1
0.978864 1
0.221818 1
0.746589 1
0.850721 1
0.99946 1
0 1
0.690594 0
0.999818 1
0.99987 1
0.543062 0
0.995578 1
0.999872 1
0.999942 1
0.999926 1
0.177543 0
0.999789 1
0.999866 1
0.999901 1
0.999881 1
0.987983 0
0.38763 0
0.998656 1
0.999882 1
0.999854 1
0 1
0 1
0.999915 1
0.999927 1
0.999873 1
0.999733 1
0.999518 1
0.999869 1
0.999746 1
0.998457 1
0.989466 0
0.953646 0
0.991612 1
0.9901 1
0.979617 1
0.998109 1
0.997894 1
0.998781 1
0.999032 1
0.999837 1
0 1
0 1
0.997241 0
0.982927 0
0.999368 1
0.524617 0
0.999113 1
0.999923 1
0.999894 1
0.999787 1
0.999496 1
0.999853 1
0.999499 1
0.99986 1
0.999775 1
0.999927 1
0.999922 1
0.999833 1
0.99987 1
0.972788 1
0.99877 1
0.998979 1
0.992588 1
0.987435 1
0.222847 0
0.789423 0
0.191493 0
0.999373 1
0.996433 1
0.969268 1
0.999867 1
0.998322 1
0.945499 1
0.995982 1
0.138147 0
0.999369 1
0.999919 1
0.999689 1
0.999873 1
0.999934 1
0.999278 1
0.999728 1
0.998835 1
0.99923 1
0.999791 1
0.999901 1
0.999857 1
0 1
0.999899 1
0.999734 1
0.998928 1
0.999933 1
0.999904 1
0.999795 1
0.999918 1
0.999716 1
0.999944 1
0.999895 1
0 1
0 1
0 1
0 1
0 1
0 1
0 1
0.999769 1
0.614408 1
0.125396 1
0.621663 1
0.760959 1
0.186474 1
0.999384 1
0.574207 1
0.999948 1
0.999753 1
0 1
0.98419 0
0.76453 0
0.999648 1
0.99987 1
0.999934 1
0.999829 1
0.999887 1
0.999918 1
0.999752 1
0.999701 1
0.999886 1
0.999934 1
0.99992 1
0.998761 1
0.999891 1
0.999507 1
0.994983 1
0.998331 1
0.173018 0
0.999171 1
0.563314 0
0.999918 1
0.124119 0
0.999869 1
0.999934 1
0.999917 1
0.999844 1
0.999895 1
0.999769 1
0 1
0.999894 1
0.992327 1
0.997203 0
0.999854 1
0.999142 1
0.813735 0
0.999409 1
0.999596 1
0.989635 1
0.99992 1
0.999693 1
0.999751 1
0.999949 1
0.999854 1
0.999425 1
0.999503 1
0.999693 1
0.999902 1
0.93317 1
0.999838 1
0.999645 1
0.999961 1
0.999823 1
0.999834 1
0.785725 0
0.999662 1
0.999864 1
0.999886 1
0.999828 1
0.99992 1
0.999911 1
0.687891 0
0.999846 1
0.999875 1
0.999926 1
0.999226 1
0.999941 1
0.999858 1
0.999929 1
0.129746 0
0.999848 1
0.998664 1
0.998086 1
0 1
0.114241 0
0.969052 0
0.729868 0
0.893959 0
0.363841 0
0.103753 0
0.635871 0
0.995737 1
0.974745 1
0.981594 1
0.983652 1
0.969472 1
0.994247 1
0.99982 1
0.102886 0
0.983038 1
0.999701 1
0.999933 1
0.999859 1
0 1
0.968687 0
0.996796 1
0.999587 1
0.998714 1
0.261472 1
0.842816 0
0.999882 1
0.999871 1
0.999942 1
0.999947 1
0.989912 0
0.999425 1
0.999763 1
0.188549 0
0.999862 1
0.999909 1
0.999941 1
0.99978 1
0.999607 1
0.999668 1
0.996475 1
0.954578 0
0.999924 1
0.999892 1
0.99985 1
0.999698 1
0 1
0.999928 1
0.999896 1
0.999883 1
0.999927 1
0.993727 0
0.99978 1
0.999853 1
0.999321 1
0.99965 1
0 1
0.998834 0
0.999881 1
0.999543 1
0.999714 1
0.1587 0
0.999869 1
0.999896 1
0.999883 1
0.99965 1
0.999865 1
0 1
0 1
0 1
0 1
0.985423 0
0.166748 0
0.999659 1
0.994183 1
0.997539 1
0.987905 1
0.999379 1
0.999935 1
0.999831 1
0.999851 1
0 1
0.999836 1
0.56783 0
0.999725 1
0.999804 1
0.999903 1
0.999701 1
0.958895 1
0.890781 1
0.385182 1
0.999858 1
0.999258 1
0.99986 1
0.999813 1
0.251974 0
0.999762 1
0.999812 1
0.999604 1
0.999863 1
0.999942 1
0 1
0.468443 0
0.997738 0
0.999876 1
0.99985 1
0.99989 1
0.999588 1
0.163714 0
0.999252 1
0.994249 1
0.999372 1
0.999729 1
0.999881 1
0.9999 1
0.999915 1
0.9999 1
0.999863 1
0.999817 1
0.999852 1
0.999902 1
0.999805 1
0.999885 1
0.999933 1
0.999715 1
0.999777 1
0.999809 1
0.197413 1
0.997409 1
0.998151 1
0.999777 1
0 1
0.996676 0
0.995133 1
0.999679 1
0.999919 1
0.998125 1
0.973427 1
0.99976 1
0.999793 1
0 1
0 1
0 1
0 1
0 1
0 1
0 1
0.43996 0
0.999552 1
0.601821 1
0.772207 1
0.104177 1
0 1
0 1
0.431923 1
0.999668 1
0.999867 1
0.999809 1
0.999832 1
0.148823 0
0.999872 1
0 1
0 1
0.530649 0
0.311418 0
0.849526 0
0.119388 0
0.166211 0
0.889372 0
0.555487 0
0.154396 0
0.999482 1
0.995504 1
0.951201 1
0.980312 1
0.995565 1
0.999448 1
0.999207 1
0.994636 1
0.997798 1
0.976158 1
0.975938 1
0.996594 1
0.985426 1
0.999886 1
0.999894 1
0.198574 0
0.996068 1
0.999812 1
0.998086 1
0.999436 1
0.99984 1
0.716497 0
0.373518 0
0.140763 0
0.764315 1
0.999622 1
0.99991 1
0 1
0.264659 0
0.999761 1
0.999947 1
0.999777 1
0.999929 1
0.999912 1
0.99974 1
0.999817 1
0.999925 1
0.999951 1
0 1
0 1
0 1
0.999811 1
0.99567 1
0.999749 1
0.9997 1
0.998208 1
0.206511 0
0.999848 1
0.999867 1
0.999952 1
0.907134 0
0.999916 1
0.999768 1
0.999391 1
0.992665 1
0.999927 1
0.996266 1
0.999587 1
0.998263 1
0.998579 1
0.99954 1
0.99984 1
0.999851 1
0.999811 1
0.999859 1
0.999835 1
0.999893 1
0 1
0.999038 0
0.99985 1
0 1
0.783637 0
0.994475 0
0.999587 1
0.999325 1
0.99845 1
0.99738 1
0.987929 1
0.999465 1
0.999543 1
0 1
0.182193 0
0.146843 0
0.960527 0
0.992658 1
0.979275 1
0.999732 1
0.947073 1
0.996132 1
0.99972 1
0.999908 1
0.999804 1
0.999822 1
0 1
0 1
0.999888 1
0.999827 1
0.999793 1
0.999858 1
0.999719 1
0.9998 1
0.588666 1
0.999959 1
0 1
0.995667 0
0.999891 1
0.99954 1
0.999576 1
0.598539 1
0.999951 1
0.999834 1
0.999749 1
0.999874 1
0.99992 1
0.999751 1
0.227935 0
0.999939 1
0.999601 1
0.99933 1
0.999915 1
0.999911 1
0.999829 1
0.999171 1
0.999743 1
0.999912 1
0.999874 1
0.999297 1
0.999564 1
0.999685 1
0 1
0 1
0 1
0.147197 0
0.936975 0
0.997172 1
0.989585 1
0.99985 1
0.99982 1
0.999902 1
0.999778 1
0.999942 1
0.999887 1
0.999866 1
0.999851 1
0.997496 1
0.999434 1
0.999803 1
0.999728 1
0.999887 1
0.986172 1
0.999944 1
0.729664 0
0.999807 1
0 1
0.998263 0
0.999488 1
0.987047 1
0.999781 1
0.313748 0
0.999875 1
0.999711 1
0.11703 0
0.999586 1
0.999887 1
0.999901 1
0.999792 1
0.999868 1
0.999799 1
0.999923 1
0.999904 1
0.998283 1
0.999685 1
0.999212 1
0.998904 1
0 1
0.983276 0
0.997493 0
0.999803 1
0.99955 1
0.999849 1
0 1
0.947979 0
0.987581 0
0.999584 1
0.999934 1
0.999828 1
0.107878 0
0.524105 0
0.999859 1
0.999775 1
0.729803 1
0.98992 1
0.937525 1
0.997174 1
0.99994 1
0.999301 1
0.998456 1
0.999882 1
0.999909 1
0.999853 1
0.999826 1
0.999821 1
0.999337 1
0.994831 0
0.998353 1
0.996995 1
0.999815 1
0.99844 1
0.99767 1
0.999905 1
0.999854 1
0.999926 1
0.999893 1
0.852108 0
0.999921 1
0.999852 1
0.999847 1
0 1
0.986963 0
0.95334 0
0.999808 1
0.998945 1
0.999423 1
0.999884 1
0.999842 1
0.999853 1
0.999895 1
0.999662 1
0.999913 1
0.999873 1
0.999851 1
0.999796 1
0.999838 1
0.999644 1
0.999921 1
0 1
0.436876 0
0.998645 0
0.999324 1
0.999817 1
0.999417 1
0.999834 1
0.999893 1
0.999811 1
0.999907 1
0.498006 0
0.999863 1
0.943179 1
0 1
0 1
0.822934 0
0.999531 1
0.999936 1
0.999524 1
0.999922 1
0.999761 1
0 1
0.820691 0
0.989368 0
0.995688 1
0.995898 1
0.999665 1
0.970368 1
0.986869 1
0.996382 1
0.997764 1
0.99793 1
0 1
0 1
0.999874 1
0.9999 1
0.999279 1
0.999459 1
0.999815 1
0.999905 1
0.319337 0
0.999533 1
0.998991 1
0.999841 1
0.99819 1
0.999888 1
0.999779 1
0.999773 1
0.999833 1
0.999874 1
0.999904 1
0 1
0.997689 0
0.999853 1
0.999775 1
0.999809 1
0.999897 1
0.99984 1
0 1
0.999844 1
0.999883 1
0.999887 1
0.999892 1
0 1
0.482224 0
0.998348 0
0.99989 1
0.999706 1
0.999888 1
0.999939 1
0.999871 1
0.999364 1
0.998407 1
0.999867 1
0.987951 0
0.970333 0
0.999897 1
0 1
0 1
0 1
0.691618 0
0.959325 0
0.990639 0
0.993552 0
0.971386 1
0.999669 1
0.999852 1
0.999721 1
0.999932 1
0.999868 1
0.999907 1
0.999897 1
0.999742 1
0.999875 1
0.999767 1
0.999572 1
0.999275 1
0.996163 1
0.999836 1
0.999785 1
0.999927 1
0.999379 1
0 1
0.815705 0
0.99976 1
0.999923 1
0.999816 1
0.999603 1
0.999461 1
0.999609 1
0.892191 1
0.99922 1
0.99836 1
0.999808 1
0.999918 1
0.999605 1
0.997748 1
0.119755 0
0.707976 0
0.999887 1
0.999899 1
0.999899 1
0.999739 1
0.999727 1
0.999913 1
0 1
0.999818 1
0.999891 1
0.99989 1
0.999629 1
0.999798 1
0.999797 1
0 1
0.999718 1
0.999592 1
0.999823 1
0.999904 1
0.999037 1
0.890974 1
0.99994 1
0.999827 1
0.999965 1
0.999969 1
0.999584 1
0.999804 1
0.575469 0
0.999881 1
0.999791 1
0.999864 1
0.999885 1
0.999927 1
0.999682 1
0.999241 1
0.998798 1
0.999747 1
0.993185 1
0.999811 1
0.999658 1
0.999739 1
0.9993 1
0.999826 1
0.999837 1
0.999686 1
0.999889 1
0.999862 1
0.999896 1
0.999866 1
0.999876 1
0.345405 0
0.999177 1
0.989995 1
0.998794 1
0.996628 1
0.998659 1
0.99964 1
0.999882 1
0 1
0.99653 0
0.958466 0
0.99824 1
0.999427 1
0.999615 1
0.999714 1
0.997038 1
0.999884 1
0.999833 1
0.999895 1
0.999846 1
0.999614 1
0.999824 1
0.999843 1
0.999631 1
0.999494 1
0.999731 1
0.999912 1
0.999895 1
0.9998 1
0.999848 1
0.661897 0
0.996285 0
0.122178 0
0.146605 0
0.134974 0
0.997004 1
0.999452 1
0.99914 1
0.999894 1
0.368629 0
0.999887 1
0.999925 1
0.999877 1
0.999845 1
0 1
0.990241 0
0.99626 1
0.999834 1
0.999451 1
0.999854 1
0.999841 1
0.999894 1
0.999881 1
0.999718 1
0.999655 1
0.999638 1
0.999702 1
0.999601 1
0.999503 1
0.99972 1
0.999652 1
0.999632 1
0.999662 1
0.999472 1
0.999786 1
0.999514 1
0.999645 1
0.999596 1
0.999696 1
0.682794 0
0.99989 1
0.998707 1
0.999861 1
0.999775 1
0.999879 1
0.999747 1
0.999955 1
0.999814 1
0.999848 1
0.999758 1
0.999864 1
0.999885 1
0.999261 1
0.999826 1
0.999763 1
0 1
0.999057 1
0.999904 1
0.999559 1
0.124235 0
0.99956 1
0.548505 0
0.999856 1
0.999921 1
0.999818 1
0.999833 1
0.880435 0
0.999865 1
0.999624 1
0.999383 1
0.999377 1
0.998584 1
0.994835 1
0.996328 1
0.999853 1
0.314369 0
0.999902 1
0.99095 1
0.999277 1
0.902639 1
0.999846 1
0.223367 0
0.441077 1
0.999388 1
0.999782 1
0.999587 1
0.999409 1
0.999864 1
0.99987 1
0.99981 1
0.925685 0
0.999926 1
0.966873 0
0.986301 0
0.999314 1
0.999373 1
0.989051 0
0.461655 0
0.993355 0
0.999024 1
0.998555 1
0.999872 1
0.998652 1
0.998358 1
0.999864 1
0.999831 1
0.999683 1
0 1
0.98109 0
0.164908 0
0.250256 0
0.998393 1
0.999819 1
0 1
0 1
0 1
0.141309 0
0.999645 1
0.997657 1
0.999395 1
0.999883 1
0.999922 1
0 1
0 1
0 1
0.983855 0
0.845357 0
0.686935 0
0.990569 1
0.674966 1
0.990844 1
0.322018 1
0.998853 1
0.990903 1
0.999459 1
0.999482 1
0.999852 1
0.999923 1
0.964101 1
0.178137 0
0.775477 0
0.999077 1
0.997172 1
0.999709 1
0.999859 1
0.999749 1
0.999894 1
0.694317 0
0.999864 1
0 1
0.354045 0
0.999873 1
0.998956 1
0.984944 0
0.999791 1
0.999894 1
0.997692 1
0 1
0 1
0 1
0 1
0.231942 0
0.999835 1
0.999715 1
0.999786 1
0.99991 1
0.999934 1
0.999941 1
0.999847 1
0.984003 0
0.999838 1
0.999567 1
0.998708 0
0.991508 1
0.999519 1
0.99985 1
0.999853 1
0.999735 1
0.999672 1
0.999939 1
0.999953 1
0.999174 1
0.944815 0
0.999692 1
0.999257 1
0.981858 1
0.997893 1
0.999642 1
0.999721 1
0.99887 1
0 1
0.284441 0
0.125617 0
0.137264 0
0.997105 1
0.999481 1
0.994293 1
0.999766 1
0.999838 1
0.999896 1
0.999949 1
0.999872 1
0.998374 1
0.126237 0
0.996324 1
0.999225 1
0.790523 0
0.999851 1
0.906894 1
0.999881 1
0.999767 1
0.99988 1
0.999803 1
0.999925 1
0.999937 1
0 1
0.999521 0
0.99849 1
0.999917 1
0.999798 1
0.999868 1
0.999859 1
0.999676 1
0.999909 1
0.999876 1
0.99731 1
0.999353 1
0.99968 1
0.999818 1
0.99988 1
0.999874 1
0.999918 1
0.104525 0
0.999795 1
0.999895 1
0.999861 1
0.989981 1
0.999919 1
0.999817 1
0.295467 0
0.999906 1
0.999833 1
0.154215 0
0.999906 1
0.999767 1
0.999866 1
0.342876 0
0.98721 1
0.999673 1
0.999656 1
0.791096 0
0.99992 1
0.998976 1
0.999718 1
0.99952 1
0 1
0.961839 0
0.999906 1
0.999314 1
0.999854 1
0.998623 1
0.99989 1
0.999839 1
0.999851 1
0.999796 1
0.999761 1
0.998796 1
0.999904 1
0.575861 0
0.308739 0
0.999913 1
0.996929 1
0.999817 1
0.983756 0
0.118051 0
0.998618 1
0.99873 1
0.999618 1
0.999838 1
0.998291 1
0.998486 1
0.999955 1
0.99992 1
0.250902 0
0.724962 1
0.823208 1
0.999771 1
0.127097 1
0.999842 1
0.99954 1
0.999448 1
0 1
0.998865 0
0.999695 1
0.998716 1
0.984698 1
0.99964 1
0.969019 1
0.999147 1
0.999446 1
0.999784 1
0.999936 1
0.999912 1
0.999888 1
0.999911 1
0.999825 1
0.998988 1
0 1
0.510138 0
0.99796 0
0.842066 0
0.996387 1
0.999721 1
0.995293 1
0.880151 1
0.999037 1
0.997782 1
0.9978 1
0.999661 1
0.996682 1
0.121893 0
0.998563 1
0.999835 1
0.992154 0
0.999387 1
0.999577 1
0.99967 1
0.994399 0
0.99881 1
0.996736 1
0.998472 1
0.152946 0
0.999934 1
0.999922 1
0.888925 0
0.999347 1
0.999884 1
0.999662 1
0 1
0 1
0 1
0 1
0 1
0.156126 0
0.102625 0
0.128914 0
0.999689 1
0.999845 1
0.999861 1
0.999849 1
0.998369 1
0.589291 1
0.807422 1
0.696132 0
0.999916 1
0.999648 1
0.999818 1
0.999619 1
0.999718 1
0.997884 1
0.999951 1
0.999625 1
0.999795 1
0 1
0.989178 1
0.97811 1
0.999903 1
0.999879 1
0.29598 0
0.989902 0
0.99885 1
0.994721 1
0.999336 1
0.998039 1
0.9999 1
0.999866 1
0 1
0 1
0 1
0.961246 0
0.789154 1
0.999678 1
0.860587 1
0.989886 1
0.973629 1
0.999804 1
0.999839 1
0.120818 0
0.999864 1
0.148261 1
0.977386 1
0.999843 1
0.997808 0
0.999768 1
0 1
0 1
0.922723 0
0.807671 0
0.99935 1
0.999901 1
0.999881 1
0.999916 1
0.221336 0
0.999802 1
0.999881 1
0.99976 1
0 1
0 1
0 1
0.997478 0
0.99238 0
0.196103 0
0.999875 1
0.982314 1
0.999907 1
0.999869 1
0.999877 1
0.997384 0
0.999767 1
0.998195 1
0.998836 1
0.999914 1
0 1
0.996082 0
0.999827 1
0.999848 1
0.99959 1
0.999874 1
0.99984 1
0.999898 1
0.999881 1
0.999523 1
0 1
0.163416 0
0.999384 1
0.999798 1
0.999537 1
0.112434 0
0.999849 1
0.999865 1
0.999713 1
0 1
0.941947 0
0.113357 0
0.999613 1
0.999911 1
0.999605 1
0.999863 1
0 1
0.999515 1
0.998981 1
0.996298 1
0.999858 1
0.999859 1
0.999904 1
0.999925 1
0.999917 1
0.999821 1
0.999551 1
0.99675 1
0.99986 1
0.999384 1
0.999781 1
0.999769 1
0.999851 1
0 1
0 1
0.976432 0
0.787562 0
0.999265 1
0.999804 1
0.966156 1
0.994261 1
0.999886 1
0.999927 1
0 1
0.971897 0
0.926979 0
0.988842 0
0.999901 1
0.999516 1
0.999726 1
0.999149 1
0.999942 1
0.999834 1
0.999897 1
0.999923 1
0.999887 1
0.999333 1
0.999838 1
0.113757 0
0.997259 1
0.979418 1
0.999891 1
0.89454 0
0.176108 0
0.99981 1
0.999848 1
0.999788 1
0.999722 1
0.999855 1
0.999898 1
0.999884 1
0.999935 1
0.999932 1
0.999913 1
0.999865 1
0.999872 1
0.97176 0
0.999854 1
0.999429 1
0.999363 1
0.999899 1
0.999882 1
0.999946 1
0.999888 1
0.995422 1
0.991622 0
0.99785 0
0.999599 1
0.999324 1
0.999756 1
0.99953 1
0.999226 1
0.999313 1
0.999935 1
0.99944 1
0.9995 1
0.999252 1
0.998931 1
0.99954 1
0.998342 1
0.99937 1
0.999168 1
0.999338 1
0.999792 1
0.999899 1
0.999859 1
0.999896 1
0.999613 1
0.999886 1
0.999949 1
0.999895 1
0.999936 1
0.999904 1
0.999941 1
0.997885 1
0.999722 1
0.999197 1
0.999954 1
0.999808 1
0.999865 1
0.779371 0
0.983706 0
0.42844 0
0.997876 1
0.986837 1
0.990052 1
0.997603 1
0.999894 1
0.999931 1
0.998909 1
0.971969 1
0.999795 1
0.999547 1
0.100524 0
0.999893 1
0.999905 1
0.999913 1
0.586703 0
0.998312 1
0.962878 1
0.999844 1
0.999175 1
0.996183 1
0.998172 1
0.999894 1
0.998729 1
0.998158 1
0.99993 1
0.999782 1
0.999505 1
0.997596 1
0.999669 1
0.999757 1
0.662084 1
0.999714 1
0.999899 1
0.999904 1
0.999856 1
0.999895 1
0.999601 1
0.999833 1
0.104268 0
0.999841 1
0.999673 1
0.22079 0
0.496186 0
0.212925 0
0.990841 0
0.999919 1
0.999738 1
0.205401 0
0.99993 1
0.999947 1
0.99973 1
0 1
0.995547 0
0.987853 0
0.99823 1
0.999852 1
0.994689 1
0 1
0.212031 0
0.116277 0
0.999895 1
0.99992 1
0.999934 1
0.998908 1
0.999908 1
0.999885 1
0.999925 1
0.311698 0
0.960004 0
0.998472 1
0.993823 1
0.998935 1
0.998832 1
0.996374 1
0.999482 1
0.999893 1
0.999726 1
0.999683 1
0 1
0.342397 0
0.999907 1
0.999231 1
0.999907 1
0.999925 1
0.999811 1
0.999916 1
0 1
0 1
0.99987 1
0.999909 1
0 1
0.974417 0
0.999763 1
0.999706 1
0.999892 1
0.999099 1
0.996673 1
0.995033 1
0.999951 1
0.999878 1
0.999873 1
0.999703 1
0.999908 1
0.999903 1
0.999493 1
0.999802 1
0.999912 1
0.380283 0
0.999879 1
0 1
0.260051 0
0.743948 0
0.252948 0
0.922692 0
0.127868 0
0.591136 0
0.10873 0
0.966524 1
0.997801 1
0.996574 1
0.999503 1
0.999771 1
0.689831 1
0.999885 1
0.999886 1
0.999889 1
0.999891 1
0 1
0.732167 0
0.688728 0
0.306213 0
0.990896 0
0.997103 0
0.999682 1
0.977722 1
0.999558 1
0.99989 1
0.388694 1
0.9998 1
0.999929 1
0.999918 1
0.999822 1
0.999906 1
0.881609 0
0.999746 1
0.999793 1
0.9999 1
0.954944 1
0.999872 1
0.998506 1
0.999642 1
0.99986 1
0.970005 1
0.999508 1
0.999233 1
0.999734 1
0.99976 1
0.999616 1
0.999811 1
0.99987 1
0.999888 1
0.999753 1
0.998967 1
0.717374 0
0.999734 1
0.999873 1
0.999873 1
0.999927 1
0.999798 1
0.771941 0
0.146252 0
0.125453 0
0.999517 1
0.99955 1
0.261534 1
0.999763 1
0.999589 1
0.999443 1
0.999892 1
0.999813 1
0.999912 1
0.999861 1
0.999827 1
0.999911 1
0.999775 1
0.999883 1
0.999831 1
0.997332 1
0.999873 1
0.999891 1
0.999909 1
0.999882 1
0.999855 1
0.999857 1
0.999884 1
0.167554 0
0.545544 0
0.999874 1
0.999474 1
0.999634 1
0.999355 1
0.999945 1
0.743025 0
0.999694 1
0.999918 1
0.999786 1
0.994284 1
0.999016 1
0.999924 1
0.999821 1
0.999523 1
0.999833 1
0.999858 1
0.999316 1
0.999773 1
0.999861 1
0.99987 1
0.545946 0
0.958542 0
0.993853 1
0.997649 1
0.999679 1
0.984763 1
0.904661 1
0.954271 1
0.990443 1
0.999912 1
0.999859 1
0.937841 1
0.999886 1
0.999816 1
0.999904 1
0.999937 1
0.999736 1
0 1
0.999798 1
0.997935 1
0.999313 1
0.136162 0
0.941235 0
0.998906 1
0.999765 1
0.998608 1
0.997381 1
0.999896 1
0.984062 0
0.95562 0
0.878906 0
0.999357 1
0.999903 1
0.406662 0
0.999663 1
0.999859 1
0.99977 1
0.999795 1
0.999908 1
0.999862 1
0.99964 1
0.999896 1
0.999834 1
0.998611 1
0 1
0.999916 1
0 1
0.998857 0
0.949068 1
0.999592 1
0.994073 1
0 1
0 1
0.999705 1
0.296084 1
0.999896 1
0.998747 1
0.999903 1
0.999947 1
0 1
0.999751 1
0 1
0 1
0.180003 0
0.995147 0
0.998796 0
0.999274 1
0.999888 1
0.999225 1
0.997505 1
0.99986 1
0.99988 1
0.809909 0
0.999664 1
0.999749 1
0.996571 1
0.999595 1
0.99777 1
0.999813 1
0.999798 1
0.999829 1
0.999925 1
0.99995 1
0.999743 1
0 1
0.994092 0
0.997866 1
0.999527 1
0.99958 1
0.999504 1
0.999346 1
0.999161 1
0.995993 1
0.999871 1
0.999623 1
0.999481 1
0.999831 1
0.997825 1
0.999368 1
0.999846 1
0.999924 1
0.999807 1
0 1
0.998201 0
0.868885 0
0.999284 1
0.9993 1
0.986146 1
0.994665 1
0.999397 1
0.998445 1
0.999803 1
0 1
0.99938 1
0.999473 1
0.999947 1
0.999868 1
0.999889 1
0.999888 1
0.999616 1
0.999856 1
0.173392 0
0.99969 1
0.999821 1
0.999922 1
0.999135 1
0.999866 1
0.999868 1
0.993539 1
0.999857 1
0.999449 1
0.999885 1
0.999832 1
0.442692 0
0.999894 1
0.999907 1
0.999382 1
0.999894 1
0.999723 1
0.999608 1
0 1
0 1
0 1
0.99699 0
0.981251 0
0.988477 0
0.999446 1
0.999794 1
0.999813 1
0.999898 1
0.999888 1
0 1
0 1
0 1
0.998517 1
0.999719 1
0.999707 1
0.999893 1
0.999917 1
0.999845 1
0.999455 1
0.999839 1
0.999907 1
0.999896 1
0.999598 1
0.999477 1
0.513361 0
0.999771 1
0.839839 0
0.999823 1
0.999676 1
0.99988 1
0.999913 1
0.999908 1
0.999864 1
0 1
0 1
0.999856 1
0.999716 1
0.999777 1
0.999373 1
0.999706 1
0.991159 0
0.999796 1
0.99986 1
0.999651 1
0.999887 1
0.237781 0
0.999657 1
0.998916 1
0.999876 1
0.998808 1
0.999617 1
0.999906 1
0.999882 1
0.99898 1
0.999812 1
0.99972 1
0.455618 0
0.999726 1
0.999513 1
0.999887 1
0.999879 1
0.999894 1
0.999907 1
0.999644 1
0.999441 1
0.999431 1
0.999944 1
0.99987 1
0.999055 1
0.999842 1
0.999756 1
0.999933 1
0.999912 1
0 1
0 1
0.997615 0
0.999897 1
0.999885 1
0.999869 1
0.999836 1
0.999896 1
0.999844 1
0.999617 1
0.999645 1
0.999884 1
0.999897 1
0 1
0 1
0.244879 0
0.228402 0
0.981534 0
0.534525 0
0.928083 0
0.997734 1
0.999057 1
0.994252 1
0.999762 1
0.999651 1
0.999867 1
0.248901 0
0.999694 1
0.985981 1
0.988564 1
0.976381 1
0.999668 1
0.999741 1
0.999795 1
0.999887 1
0.999915 1
0.999881 1
0.999864 1
0.668429 1
0.993187 1
0.999794 1
0.991599 1
0.998011 1
0.999814 1
0.999887 1
0.999789 1
0.999857 1
0 1
0.99715 0
0.996099 1
0.999889 1
0.99828 1
0.999892 1
0.793357 0
0.999575 1
0.999612 1
0.998129 1
0.999699 1
0.999779 1
0.999245 1
0.999927 1
0.999925 1
0.998733 1
0.999903 1
0.999943 1
0.999878 1
0.951101 1
0.999897 1
0.999471 1
0.999786 1
0.999791 1
0.999869 1
0.999959 1
0 1
0.999885 1
0.999744 1
0.999927 1
0.999868 1
0.999945 1
0.999847 1
0.99969 1
0.999879 1
0.999874 1
0.999357 1
0 1
0.329399 0
0.188546 0
0.992707 1
0.997588 1
0.999528 1
0.998583 1
0.99824 1
0.991208 1
0.834999 1
0.146001 0
0.999862 1
0.999922 1
0.999895 1
0.999915 1
0.999721 1
0.998803 1
0.999904 1
0.999908 1
0.999765 1
0.999719 1
0.99995 1
0.999638 1
0.999927 1
0.999926 1
0.999607 1
0.999854 1
0.999771 1
0 1
0.994689 0
0.999512 1
0.999822 1
0.999921 1
0.999842 1
0.999082 1
0.175745 0
0.983031 0
0.999287 1
0.998854 1
0.995191 1
0.998434 1
0.997903 1
0.999397 1
0.998865 1
0.997477 1
0.357262 0
0.197257 0
0.718949 0
0.917597 0
0.616748 0
0.999814 1
0.998312 1
0.999739 1
0.999802 1
0.999893 1
0.999905 1
0.99973 1
0.605351 0
0.999904 1
0.999793 1
0.999795 1
0.999525 1
0.999424 1
0.999071 1
0.999855 1
0.999789 1
0.998087 1
0.999772 1
0.999906 1
0.999625 1
0.999817 1
0.999768 1
0.999918 1
0.999695 1
0.999928 1
0.999714 1
0.999253 1
0.999906 1
0 1
0.854291 0
0.999838 1
0.999885 1
0.999892 1
0.999904 1
0.60798 0
0.999779 1
0.999859 1
0.997664 1
0.984299 1
0.999831 1
0.992402 1
0.999717 1
0 1
0.99476 0
0.69375 0
0.999522 1
0.999762 1
0.873709 1
0.977755 1
0.996617 1
0.999866 1
0.999897 1
0.193213 0
0.99992 1
0.998922 1
0.99939 1
0.999771 1
0 1
0 1
0.140552 0
0.541902 0
0.549738 0
0.955029 0
0.98714 1
0.98596 1
0.999335 1
0.96119 1
0.999801 1
0.996778 1
0.873524 1
0.969319 1
0.999798 1
0.999745 1
0.993335 1
0.999923 1
0.999865 1
0.999716 1
0.999772 1
0.996613 1
0.999388 1
0.998378 1
0.998672 1
0.999351 1
0.999841 1
0.999911 1
0.999849 1
0.999817 1
0.999887 1
0.999828 1
0.999876 1
0.999902 1
0.999909 1
0.999856 1
0.999779 1
0.998554 1
0.993586 1
0.999707 1
0.999745 1
0.99979 1
0.999696 1
0.999337 1
0.534741 1
0.999575 1
0.969721 1
0.996487 1
0.999703 1
0.999719 1
0.157528 0
0.999168 1
0.999891 1
0.996986 1
0.994554 1
0.999794 1
0.999033 1
0.184105 0
0.999874 1
0.999922 1
0.999921 1
0.999807 1
0.999879 1
0.99935 1
0.999692 1
0.574557 0
0.999743 1
0.999893 1
0.998959 1
0 1
0.880077 0
0.999917 1
0.849072 0
0.141232 0
0.144861 0
0.999869 1
0.997259 1
0.936536 0
0.999677 1
0.999689 1
0.999848 1
0.999657 1
0.999548 1
0.999672 1
0.345405 0
0.999177 1
0.989995 1
0.998794 1
0.996628 1
0.998659 1
0.99964 1
0.999609 1
0.999765 1
0.999889 1
0.999692 1
0.999683 1
0 1
0.692635 0
0.583162 0
0.908116 0
0.991605 1
0.998985 1
0.995074 1
0.999328 1
0.998284 1
0.999901 1
0.947246 1
0.999834 1
0.999897 1
0.999817 1
0.989207 0
0.999882 1
0.99971 1
0.999957 1
0.998709 1
0.999879 1
0.999241 1
0.999896 1
0.999911 1
0.99989 1
0.999907 1
0.999924 1
0.999275 1
0.999924 1
0.999875 1
0.196225 0
0.963912 0
0.999813 1
0.99544 1
0.999653 1
0.999825 1
0.280018 0
0.471027 0
0.986135 0
0.97774 1
0.9997 1
0.999684 1
0.999655 1
0.999947 1
0.999878 1
0.988931 1
0.999923 1
0.999547 1
0.999807 1
0 1
0 1
0 1
0.779366 0
0.993847 0
0.97406 0
0.996566 0
0.999835 1
0.997724 1
0.998363 1
0.745806 1
0.999875 1
0.999862 1
0.999658 1
0.999547 1
0.999652 1
0.99986 1
0.999967 1
0.994655 1
0.995511 1
0.991104 1
0.999744 1
0.364865 0
0.999838 1
0.999675 1
0.999814 1
0.999681 1
0.935085 0
0.131049 0
0.999774 1
0.999895 1
0.979761 1
0.99962 1
0.999567 1
0.999808 1
0.999788 1
0.999764 1
0.999723 1
0 1
0 1
0.99604 0
0.999884 1
0.999502 1
0.999153 1
0.999481 1
0.999958 1
0.999704 1
0.949742 0
0.256917 0
0.12882 0
0.999368 1
0.999604 1
0.970618 0
0.999507 1
0.99992 1
0.999886 1
0.990799 1
0.994811 1
0.99799 1
0.999569 1
0.99991 1
0.999875 1
0.999867 1
0.99982 1
0.999862 1
0.999892 1
0 1
0.99636 0
0.999828 1
0.997966 1
0.999891 1
0.999589 1
0.999877 1
0.986158 0
0.99987 1
0.528054 0
0.736516 0
0.73491 0
0.992041 1
0.9999 1
0.999768 1
0.999859 1
0.999878 1
0.999928 1
0.999938 1
0.99987 1
0.998451 1
0.999899 1
0.999893 1
0.999595 1
0.998662 1
0.996947 1
0.999268 1
0.999839 1
0.99992 1
0.999928 1
0.114876 0
0.913405 0
0.999708 1
0.999853 1
0.999881 1
0.997014 1
0.999905 1
0.999831 1
0.999899 1
0.999639 1
0.99986 1
0.999836 1
0.999835 1
0.972871 0
0.999859 1
0.999853 1
0.996655 1
0.997902 1
0.999605 1
0.999387 1
0.998241 1
0.99377 1
0.998906 1
0.973119 1
0.999701 1
0.999865 1
0.999931 1
0.999257 1
0.998161 1
0.990273 1
0.995593 1
0.999899 1
0.999764 1
0.999892 1
0.999889 1
0.999781 1
0.999886 1
0.999854 1
0.999887 1
0.999859 1
0.999906 1
0.999894 1
0.999887 1
0.999947 1
0.999869 1
0.999885 1
0.30767 0
0.999896 1
0 1
0.999796 1
0.988079 1
0.999889 1
0.999844 1
0.52963 0
0.999654 1
0.999709 1
0.9998 1
0.999913 1
0.999886 1
0.999916 1
0.120712 0
0.999928 1
0.999726 1
0.999835 1
0.999836 1
0.999864 1
0.997547 1
0 1
0.997313 1
0.999697 1
0.999911 1
0.180768 0
0.99926 1
0.998717 1
0.999811 1
0.944948 1
0.997006 1
0.998899 1
0.999897 1
0.999841 1
0.999691 1
0.999907 1
0.999235 1
0.999555 1
0.999671 1
0.999916 1
0.999407 1
0.99993 1
0.999829 1
0.999882 1
0.999881 1
0.999841 1
0.999865 1
0.999773 1
0.148722 0
0.419245 0
0.927542 0
0.999766 1
0.999228 1
0.999704 1
0.999903 1
0.999601 1
0.999821 1
0.159183 0
0.999861 1
0 1
0.898455 1
0.959286 1
0.963529 1
0.357419 1
0.96784 1
0.996602 1
0.803723 1
0.970587 1
0.99985 1
0 1
0 1
0 1
0 1
0 1
0 1
0 1
0.889794 0
0.233458 0
0.62462 0
0.390155 0
0.273224 0
0.879296 1
0.994431 1
0.969396 1
0.948144 1
0.994653 1
0.985631 1
0.982534 1
0.953506 1
0.829755 1
0.9989 1
0.975082 1
0.972242 1
0.447601 1
0.936297 1
0.993887 1
0.568884 0
0.999894 1
0.999819 1
0.999859 1
0.999752 1
0 1
0.265501 1
0.999717 1
0.999932 1
0.92008 0
0.999881 1
0.999455 1
0 1
0.509981 0
0.300112 0
0.565851 0
0.999743 1
0.999328 1
0.993832 1
0.999221 1
0.999913 1
0.999897 1
0.999884 1
0.999869 1
0.999715 1
0.998383 1
0.999505 1
0.999608 1
0.999671 1
0.999913 1
0.999882 1
0.999606 1
0.999893 1
0.999761 1
0.999907 1
0.524651 0
0.999771 1
0.999914 1
0.997209 1
0.999901 1
0.999732 1
0.999872 1
0.999633 1
0.99981 1
0.999689 1
0.999894 1
0 1
0 1
0.359675 0
0.998597 1
0.999437 1
0.997831 1
0.999879 1
0.98681 1
0.810404 0
0.999896 1
0.999873 1
0.999778 1
0.999835 1
0 1
0 1
0.999044 1
0.993598 1
0.999913 1
0.999712 1
0.999665 1
0 1
0.177427 0
0.999912 1
0 1
0 1
0.993078 0
0.922824 0
0.999808 1
0.98216 1
0.999753 1
0.999927 1
0.999833 1
0.676936 0
0.999182 1
0.999823 1
0.999854 1
0.999842 1
0.999943 1
0.999947 1
0 1
0.442851 0
0.999776 1
0.997344 1
0.996847 1
0.768011 1
0.993412 1
0.999919 1
0.889245 0
0.999913 1
0.999636 1
0.995841 1
0.999831 1
0.999887 1
0.9916 0
0.301252 0
0.999918 1
0 1
0.655958 0
0.670482 0
0.470536 0
0.90797 0
0.311118 0
0.54801 0
0.997934 1
0.999586 1
0.995918 1
0.998652 1
0.999467 1
0.974994 1
0.999795 1
0.999826 1
0.999698 1
0.999897 1
0.999875 1
0.999687 1
0.98743 0
0.999843 1
0.999889 1
0.999404 1
0.342538 0
0.99958 1
0.341628 1
0.836486 1
0.99976 1
0.999578 1
0.999922 1
0.930485 0
0.22112 0
0.910985 0
0.99773 1
0.999025 1
0.999704 1
0.999447 1
0.916288 1
0.978874 1
0.747064 0
0.300942 0
0.999665 1
0.999759 1
0.999861 1
0.999533 1
0.999909 1
0.95881 0
0.968817 0
0.999632 1
0.999765 1
0.999767 1
0.999838 1
0.999678 1
0.999515 1
0.999779 1
0.999919 1
0.99983 1
0.999896 1
0.999875 1
0.999729 1
0.999895 1
0.461006 0
0.999734 1
0.997999 1
0.999879 1
0.999835 1
0.33825 0
0.284075 0
0.407072 0
0.999865 1
0.99858 1
0.999455 1
0.994596 1
0.999365 1
0.997558 1
0.999842 1
0.99966 1
0 1
0.952408 0
0.76702 0
0.999492 1
0.997425 1
0.999599 1
0.99934 1
0.999751 1
0.953082 1
0.999471 1
0.999819 1
0.999878 1
0.997909 1
0.998805 1
0.999922 1
0.99992 1
0.999913 1
0.999868 1
0.997623 0
0.999896 1
0.999947 1
0.999826 1
0.999891 1
0.999834 1
0.999838 1
0.99984 1
0.999942 1
0.999912 1
0.820686 1
0.999728 1
0.999756 1
0.999839 1
0.999878 1
0.999734 1
0.999532 1
0.99967 1
0.998997 1
0.998486 1
0.999912 1
0.999816 1
0.999798 1
0.999849 1
0.999743 1
0.999306 1
0.99986 1
0.966112 1
0.999892 1
0.945188 1
0.999739 1
0.883844 0
0.980255 0
0.999886 1
0.999845 1
0.260576 0
0.99984 1
0.99986 1
0.999647 1
0.26951 0
0.709446 0
0.798089 0
0.999846 1
0.999242 1
0.999902 1
0.999825 1
0.999902 1
0.999921 1
0.999799 1
0.999925 1
0.999847 1
0.999717 1
0.999511 1
0.999509 1
0.999853 1
0.260418 0
0.999643 1
0.999928 1
0.684877 0
0.99982 1
0.999563 1
0.998789 1
0.999773 1
0.99978 1
0.99989 1
0.999827 1
0.999622 1
0.999639 1
0.999742 1
0.965435 0
0.999864 1
0.999831 1
0.970975 1
0.999917 1
0.997434 0
0.999854 1
0.999782 1
0.999917 1
0.999844 1
0.999879 1
0.999816 1
0 1
0.159165 0
0.767897 0
0.307289 0
0.997776 0
0.999907 1
0.887983 0
0.995796 1
0.999632 1
0.999903 1
0.99852 1
0.99987 1
0.99985 1
0.999861 1
0.999854 1
0.71665 0
0.999435 1
0.999034 1
0.999254 1
0.999882 1
0.997874 1
0.999596 1
0.999874 1
0.999651 1
0 1
0.635532 0
0.347477 0
0.937044 0
0.658931 0
0.342796 0
0.846051 0
0.537707 0
0.99922 1
0.987875 1
0.999204 1
0.999644 1
0.999822 1
0.999834 1
0.999834 1
0.999756 1
0.999809 1
0.999899 1
0.999925 1
0.999928 1
0.999915 1
0.999898 1
0.99994 1
0.999943 1
0.999917 1
0.979915 1
0.99931 1
0.9999 1
0.999722 1
0.676537 0
0.999899 1
0.999818 1
0.999846 1
0.99814 1
0.999837 1
0 1
0.987397 1
0.999908 1
0 1
0 1
0.123488 0
0.993467 0
0.999858 1
0.951669 1
0.718011 1
0.999954 1
0.999959 1
0.977693 0
0.999912 1
0.999802 1
0.999877 1
0.188843 0
0.999173 1
0.999768 1
0.999754 1
0.999111 1
0.99875 1
0.998337 1
0.993523 1
0.999287 1
0.99969 1
0.999822 1
0.999669 1
0.997697 1
0.999802 1
0 1
0.999643 0
0.999285 1
0.996723 1
0.994736 1
0.99935 1
0 1
0.987901 1
0.999587 1
0.999664 1
0.999907 1
0.995383 1
0.997244 1
0.999029 1
0.999813 1
0.999842 1
0.999869 1
0.999615 1
0.999929 1
0.999378 1
0.999818 1
0.999881 1
0.225174 0
0.999822 1
0.999856 1
0.99991 1
0.999379 1
0.999862 1
0.999622 1
0.945933 0
0.996621 1
0.998245 1
0.999844 1
0.999746 1
0.99976 1
0.999778 1
0.999095 1
0.999947 1
0.999701 1
0.999896 1
0.999775 1
0.999829 1
0.999619 1
0.999807 1
0.57983 0
0.998459 1
0.999609 1
0.999629 1
0.973917 1
0.999876 1
0.99983 1
0.255393 0
0.570687 0
0.796415 0
0.122809 0
0.999103 1
0.985721 1
0.999484 1
0.999903 1
0.999907 1
0.999902 1
0.988707 0
0.999885 1
0.999753 1
0.99989 1
0.996696 1
0.994769 1
0.999884 1
0.998486 1
0.99989 1
0.99981 1
0.999911 1
0.999878 1
0.999519 1
0.998241 1
0.99969 1
0.997764 1
0.999873 1
0.999938 1
0.127291 0
0.991385 1
0.999782 1
0.998925 1
0.99987 1
0.99203 0
0.992145 0
0.999804 1
0.999792 1
0.998677 1
0.999868 1
0.139007 1
0.984623 1
0 1
0.991563 0
0.610693 0
0.999836 1
0.999892 1
0.999886 1
0.999859 1
0.999715 1
0.999817 1
0 1
0 1
0.999809 1
0.966358 1
0.998839 1
0.973641 1
0.198531 1
0.999952 1
0.999861 1
0.998901 1
0.999907 1
0 1
0.973704 0
0.999638 1
0.993249 1
0.999292 1
0.999747 1
0 1
0.994198 0
0.970992 0
0.99794 0
0.999133 1
0.998496 1
0.999951 1
0.999715 1
0.999734 1
0.999773 1
0.999882 1
0.999886 1
0.999895 1
0.885387 0
0.998645 1
0.999828 1
0.999846 1
0.99986 1
0.999868 1
0.999577 1
0.999858 1
0.999105 1
0.999859 1
0.999907 1
0.99981 1
0.999916 1
0.999896 1
0.9998 1
0.99971 1
0.999781 1
0.999919 1
0.997372 1
0.998331 1
0.993784 1
0.999692 1
0.989266 1
0.999822 1
0.999904 1
0.99845 1
0.999928 1
0.999902 1
0.999848 1
0.999948 1
0.999446 1
0.999731 1
0.999682 1
0.999513 1
0.999883 1
0.881924 0
0.941717 0
0.99972 1
0.999779 1
0.999733 1
0.999625 1
0.999663 1
0.998746 1
0.998989 1
0.999903 1
0.999819 1
0.998362 1
0.999884 1
0.999707 1
0.99986 1
0.999918 1
0 1
0.449629 0
0.230989 0
0.999832 1
0.999829 1
0.999908 1
0.999927 1
0.999557 1
0.994312 1
0.999833 1
0.996718 1
0.999589 1
0.999204 1
0.999928 1
0.9999 1
0.999591 1
0.999823 1
0.999902 1
0.995274 1
0.991437 1
0.997257 1
0.999186 1
0.999872 1
0.999782 1
0.999777 1
0.242306 0
0.999902 1
0.999929 1
0.999721 1
0.999861 1
0.994405 1
0.999722 1
0.999796 1
0.999892 1
0.999865 1
0.999855 1
0 1
0.975743 0
0.999905 1
0.999975 1
0.928215 0
0.999938 1
0.999914 1
0.999939 1
0.999944 1
0.999877 1
0.999916 1
0.999902 1
0.523102 0
0.727746 0
0.999865 1
0.999507 1
0.999885 1
0.999947 1
0.999777 1
0.999605 1
0.999873 1
0.999865 1
0.999453 1
0.999924 1
0.999878 1
0.999799 1
0.999938 1
0.999839 1
0.999936 1
0.999739 1
0.999721 1
0.667373 0
0.999929 1
0.999851 1
0.999755 1
0.999867 1
0.99991 1
0.99962 1
0.999741 1
0.999903 1
0.999772 1
0.99988 1
0.996226 1
0.999835 1
0.766415 0
0.99965 1
0.999853 1
0 1
0.999953 1
0.999892 1
0.999902 1
0.999675 1
0.999797 1
0.996513 1
0.998044 1
0.999849 1
0.999838 1
0.998928 1
0.999943 1
0.999543 1
0.999149 1
0.997495 1
0.999274 1
0.99989 1
0.909072 0
0.999787 1
0.999833 1
0.999694 1
0 1
0.990327 0
0.999907 1
0 1
0.296587 0
0.998868 1
0.994932 1
0.998901 1
0.999669 1
0.506152 0
0.795342 0
0.112165 0
0.303694 0
0.550829 0
0.901574 0
0.990798 0
0.608062 0
0.999059 1
0.993679 1
0.998784 1
0.998293 1
0.999845 1
0.999845 1
0.999813 1
0.99989 1
0.999894 1
0.99922 1
0.999398 1
0.999144 1
0.999839 1
0.999865 1
0.99985 1
0.999796 1
0.999902 1
0.999841 1
0.999917 1
0.166236 0
0.991554 1
0.999768 1
0.99991 1
0.988415 0
0.999291 1
0.996938 1
0.976553 1
0.223356 0
0.999918 1
0.999869 1
0.999624 1
0.999842 1
0 1
0.998578 0
0.99956 1
0.999723 1
0.999614 1
0.808499 0
0.999868 1
0.9999 1
0.998726 1
0.999933 1
0.999932 1
0.999779 1
0 1
0 1
0 1
0.999774 1
0.99953 1
0.999393 1
0.96806 0
0.982636 1
0.999266 1
0.999841 1
0.999948 1
0.999682 1
0.999456 1
0 1
0 1
0 1
0.642222 0
0.523021 0
0.867395 0
0.994387 0
0.308178 0
0.975647 0
0.741982 0
0.996046 1
0.999796 1
0.998644 1
0.945023 1
0.699616 1
0.425468 1
0.992242 1
0.964123 1
0.991932 1
0.998356 1
0.996257 1
0.995397 1
0.985001 1
0.992821 1
0.946338 1
0.996616 1
0.997115 1
0.957786 1
0.952987 1
0.985514 1
0.984659 1
0.97789 1
0.997052 1
0.99536 1
0.999932 1
0.999937 1
0.151877 0
0.988748 1
0 1
0.486668 0
0.997482 1
0.999897 1
0.99996 1
0 1
0.999878 1
0.998616 1
0.997287 1
0.999712 1
0.666231 0
0.973988 0
0.999848 1
0.999652 1
0.999982 1
0.999885 1
0.999766 1
0.99989 1
0.999563 1
0.999459 1
0.999719 1
0.999819 1
0.994318 1
0.998902 1
0.999814 1
0.994008 0
0.999185 1
0.999689 1
0.999799 1
0 1
0.9998 1
0.999754 1
0.999526 1
0.999885 1
0.999901 1
0.999472 1
0.748059 0
0.999849 1
0.999907 1
0.999897 1
0.999856 1
0.999889 1
0.104224 0
0.999658 1
0 1
0.703828 0
0.995335 0
0.999464 1
0.999564 1
0.999875 1
0.99978 1
0.999787 1
0.999794 1
0.999873 1
0.999895 1
0.99992 1
0.99947 1
0.999925 1
0.999926 1
0.999502 1
0.999902 1
0.999745 1
0.999714 1
0.99983 1
0.999685 1
0.898624 0
0.999916 1
0.999836 1
0.999783 1
0.866491 0
0.999908 1
0.999756 1
0.999925 1
0.999896 1
0.99989 1
0.224516 0
0.999928 1
0.999828 1
0.999903 1
0.999598 1
0.999878 1
0.999795 1
0.99991 1
0.999871 1
0.957392 0
0.99991 1
0 1
0 1
0.999888 1
0 1
0.99983 1
0.999485 1
0.999889 1
0.999882 1
0.999956 1
0.999939 1
0.999761 1
0.999919 1
0.999683 1
0.999768 1
0.999837 1
0.999753 1
0.9998 1
0.999961 1
0.998648 0
0.999902 1
0.999404 1
0.999835 1
0.999793 1
0.13484 0
0.991631 0
0.501823 0
0.999906 1
0.999863 1
0.992619 1
0.999786 1
0.999706 1
0.982642 1
0.150693 0
0.999659 1
0.999765 1
0.999757 1
0.99994 1
0.345029 0
0.999603 1
0.999636 1
0.998568 1
0.999637 1
0.999765 1
0.999893 1
0.999939 1
0 1
0.22343 0
0.924557 0
0.999509 1
0.998072 1
0.999869 1
0.999887 1
0.99971 1
0.999716 1
0.993657 1
0.999795 1
0.999896 1
0.999704 1
0.999243 0
0.999662 1
0.999611 1
0 1
0.661424 0
0.997583 0
0.999023 1
0.999303 1
0.99122 1
0.997912 1
0.998522 1
0.999855 1
0.999913 1
0.999819 1
0.999716 1
0.99973 1
0.999871 1
0.998434 1
0.99976 1
0.998667 1
0.415936 0
0.999941 1
0.116681 0
0.999865 1
0.999843 1
0.843546 0
0.999742 1
0.992837 1
0.999691 1
0.998321 1
0.998934 1
0.999904 1
0.999817 1
0.999557 1
0.99986 1
0 1
0.999913 1
0.999764 1
0.999377 1
0.999532 1
0.9976 1
0.99944 1
0.967254 1
0.99667 1
0.988017 1
0.99956 1
0.139432 0
0.999572 1
0.999733 1
0.999913 1
0.855887 0
0.864023 0
0.402857 0
0.999418 1
0.999642 1
0.105199 0
0.99918 1
0.999691 1
0.998458 1
0.986882 1
0.999845 1
0.958266 0
0.361482 0
0.999002 1
0.999809 1
0.999433 1
0.99985 1
0.999319 1
0.999928 1
0.998972 1
0.999869 1
0.999811 1
0.999857 1
0.999925 1
0 1
0.999878 1
0.999923 1
0.999886 1
0.271049 0
0.999634 1
0.999919 1
0.999438 1
0.988004 1
0.999358 1
0.999779 1
0.999954 1
0 1
0.825498 0
0.341225 0
0.999862 1
0.998461 1
0.999802 1
0 1
0.623569 0
0.996626 0
0.999438 1
0.99924 1
0.99993 1
0.999797 1
0.999868 1
0.999864 1
0.972458 1
0.999736 1
0.999879 1
0.998083 1
0.999713 1
0.999468 1
0.17599 1
0.978403 1
0.999934 1
0.998483 1
0.999931 1
0.999941 1
0.999855 1
0.999903 1
0.999974 1
0.999143 1
0.990527 0
0.991932 0
0.898529 0
0.999901 1
0.999794 1
0.99712 1
0.996588 1
0.999812 1
0.422102 0
0.186899 0
0.99979 1
0.999899 1
0.999913 1
0.999751 1
0 1
0 1
0.289755 0
0.989516 1
0.999491 1
0.999575 1
0 1
0.880077 0
0.999917 1
0.999876 1
0.999638 1
0.999912 1
0.984529 0
0.981315 1
0.999913 1
0.999891 1
0.999824 1
0.999933 1
0 1
0.999787 1
0.998931 1
0.999558 1
0.999874 1
0.999852 1
0.999912 1
0.999905 1
0.999816 1
0.108557 0
0.999852 1
0.999735 1
0.133123 0
0.951473 0
0.997133 1
0.998342 1
0.998613 1
0.999936 1
0.999746 1
0.999911 1
0 1
0 1
0.342938 0
0.291275 0
0.236051 0
0.999635 1
0.991693 1
0.791534 1
0.983982 1
0.996815 1
0.986389 1
0.982322 1
0.999818 1
0.99989 1
0.999925 1
0.999874 1
0.99982 1
0 1
0 1
0 1
0 1
0.985205 0
0.349371 0
0.117256 0
0.996786 1
0.125334 1
0.961801 1
0.997142 1
0.980525 1
0.999801 1
0.991058 1
0.174446 1
0.999902 1
0.994453 0
0.999916 1
0.999901 1
0.999858 1
0.999164 1
0.999921 1
0.999846 1
0.999892 1
0.999863 1
0.999858 1
0.999886 1
0.999888 1
0.999875 1
0.999942 1
0 1
0 1
0 1
0 1
0.167439 0
0.777894 0
0.95225 0
0.975142 1
0.999268 1
0.999887 1
0.981592 1
0.999713 1
0.999363 1
0.999837 1
0.999921 1
0.999402 1
0.998821 1
0.999188 1
0.99942 1
0.999809 1
0.999857 1
0.999797 1
0.999909 1
0.999729 1
0.999782 1
0.999789 1
0.998764 1
0.997567 1
0.999851 1
0.999383 1
0.999657 1
0 1
0 1
0.999928 1
0.999895 1
0.999841 1
0.999857 1
0.99989 1
0.999879 1
0.999809 1
0.99991 1
0.999902 1
0.999884 1
0.999928 1
0.995866 0
0.999681 1
0.999829 1
0.999776 1
0.999613 1
0.999874 1
0.999699 1
0.999871 1
0.997259 1
0.999746 1
0.999811 1
0 1
0.999889 1
0.999817 1
0.999887 1
0.999811 1
0.999507 1
0.999769 1
0.999902 1
0.999924 1
0.999863 1
0.999853 1
0.742321 0
0.999932 1
0.998586 1
0.980205 1
0.999795 1
0.764748 0
0.281036 0
0.999688 1
0.999376 1
0.940481 0
0.999716 1
0.998518 1
0.999299 1
0.999938 1
0.999893 1
0.999897 1
0.999667 1
0.999861 1
0.99987 1
0.999409 1
0.314176 0
0.999777 1
0.999919 1
0.999931 1
0.999904 1
0.999729 1
0.958648 0
0.999898 1
0.946493 0
0.996687 1
0.999823 1
0.999861 1
0.859586 0
0.999789 1
0.999783 1
0.99916 1
0.999709 1
0.999881 1
0.999849 1
0.998895 1
0.999857 1
0.999876 1
0 1
0.731569 0
0.646433 0
0.118944 0
0.856074 0
0.743434 0
0.134119 0
0.999084 0
0.13316 0
0.999396 1
0.98753 1
0.827717 0
0.99603 1
0.998218 1
0.999072 1
0.99578 1
0.993565 1
0.999855 1
0.995229 1
0.998784 1
0.998524 1
0.996785 1
0.995679 1
0.999303 1
0.999845 1
0.999943 1
0.999698 1
0.99992 1
0 1
0.586791 0
0.999838 1
0.999893 1
0.999835 1
0.999664 1
0.999893 1
0.999904 1
0.999863 1
0.999926 1
0.999459 1
0.999856 1
0.999691 1
0.99913 1
0.999829 1
0.999834 1
0.999774 1
0.999309 1
0.999795 1
0 1
0.992473 0
0.999732 1
0.993571 1
0.99992 1
0.999818 1
0.999933 1
0.999615 1
0.999915 1
0.999711 1
0.849883 0
0.999864 1
0.281468 0
0.999878 1
0.745287 0
0.218595 0
0.244793 0
0.135284 0
0.999939 1
0.989877 1
0.992506 1
0.997669 1
0.999917 1
0.999906 1
0.999905 1
0.999895 1
0.999725 1
0.999857 1
0.999695 1
0 1
0.999435 1
0.997166 1
0.999866 1
0.999828 1
0.99118 1
0.999668 1
0.999788 1
0.999671 1
0.999691 1
0.999732 1
0.999875 1
0.999912 1
0.99991 1
0.999762 1
0.999861 1
0.999207 1
0.99995 1
0.999759 1
0.999936 1
0.999928 1
0.841945 0
0.993699 0
0.999847 1
0.999644 1
0.999884 1
0.999898 1
0.999669 1
0.999664 1
0.229253 0
0.999843 1
0.999945 1
0 1
0.989622 0
0.999766 1
0.999826 1
0.999616 1
0.999682 1
0.999905 1
0.999295 1
0.999189 1
0.103248 0
0.995413 1
0.995681 1
0.997357 1
0.999792 1
0.999223 1
0.999897 1
0 1
0.998252 0
0.998045 1
0.995721 1
0.99457 1
0.994217 1
0.998447 1
0.999827 1
0.999552 1
0.998721 1
0 1
0 1
0.928114 0
0.999836 1
0.999628 1
0 1
0.500855 0
0.970916 1
0.914683 1
0.503748 1
0.999783 1
0.939726 1
0.9996 1
0.999604 1
0.999397 1
0.999467 1
0.99896 1
0.999875 1
0.298422 0
0.999884 1
0.999618 1
0.999924 1
0.999846 1
0.999865 1
0.999683 1
0.364213 0
0.999925 1
0.999837 1
0.99982 1
0.999684 1
0.999865 1
0.999767 1
0.999258 1
0.999926 1
0.999794 1
0.999833 1
0.999033 1
0.999859 1
0.194587 0
0.999894 1
0.99943 0
0.999864 1
0.999788 1
0.999891 1
0.987207 0
0.989957 0
0.999907 1
0.999639 1
0.999868 1
0.999932 1
0.999921 1
0.999923 1
0.999927 1
0.361348 0
0.675692 0
0.999791 1
0.997638 1
0.993325 1
0.986503 1
0.99936 1
0.999835 1
0.999886 1
0.999833 1
0.999836 1
0.999862 1
0.928748 0
0.999866 1
0.999576 1
0.999871 1
0.999902 1
0.999834 1
0.999588 1
0.999943 1
0.667916 0
0.355112 0
0.999885 1
0.999945 1
0.99986 1
0 1
0 1
0 1
0.993309 0
0.978087 0
0.656236 0
0.981017 1
0.999637 1
0.98106 1
0.998718 1
0.985833 1
0.991335 1
0.999932 1
0.999617 1
0.999855 1
0.999845 1
0.999815 1
0.999811 1
0.999834 1
0.999371 1
0.997516 1
0.999914 1
0.999868 1
0.999866 1
0 1
0.99894 0
0.99986 1
0.999492 1
0.999777 1
0.379172 0
0.903189 0
0.127381 0
0.43422 0
0.412207 0
0.999727 1
0.999709 1
0.993091 1
0.999189 1
0.991438 1
0.999797 1
0.999734 1
0.999916 1
0 1
0.999469 1
0 1
0.994096 0
0.607465 0
0.999167 1
0.99694 1
0.999803 1
0.999921 1
0.999904 1
0.996242 1
0.999904 1
0.267264 0
0.995324 1
0.999656 1
0 1
0.991149 0
0.95602 0
0.999275 0
0.984882 0
0.999863 1
0.998522 1
0.998807 1
0.999879 1
0.999931 1
0.999909 1
0.122559 1
0.739299 1
0.999914 1
0.999716 1
0.999036 1
0.999371 1
0.998625 1
0.999364 1
0.997931 1
0.999838 1
0.999717 1
0.999361 1
0.999315 1
0.175425 0
0.159174 0
0.999706 1
0.99968 1
0.999852 1
0.614701 0
0.999853 1
0.999942 1
0.921159 1
0.999349 1
0.999885 1
0.994656 1
0.990293 1
0.999828 1
0.706262 0
0.999912 1
0.999913 1
0.99983 1
0.99989 1
0.999794 1
0.999676 1
0.999819 1
0.981269 1
0.999949 1
0.999779 1
0.9752 1
0.999888 1
0.999834 1
0.999855 1
0.84272 1
0.998138 1
0.999763 1
0.999887 1
0.999907 1
0.999884 1
0.999563 1
0.999875 1
0.999853 1
0.998305 1
0.99992 1
0.158027 0
0.876971 0
0.938813 0
0.714546 0
0.999591 1
0.991366 1
0.999522 1
0.999234 1
0.998202 1
0.999907 1
0.999883 1
0.995194 1
0.999753 1
0.999751 1
0.994713 0
0.999754 1
0.999629 1
0.999874 1
0.999915 1
0.997273 0
0.198986 0
0.999239 1
0.999892 1
0.998988 1
0.999945 1
0.464837 0
0.995055 1
0.963725 1
0.999354 1
0.999114 1
0.998748 1
0.999822 1
0.999921 1
0.999168 1
0.999634 1
0.99989 1
0.999495 1
0.997269 1
0.999905 1
0.6391 0
0.999518 1
0.999932 1
0.999892 1
0.999553 1
0.997596 1
0.996709 1
0.999864 1
0.99986 1
0.99974 1
0.980518 1
0.999973 1
0.999864 1
0.999864 1
0.999803 1
0.999806 1
0.999611 1
0.999662 1
0.999571 1
0.999844 1
0.999828 1
0.99991 1
0.999856 1
0.999705 1
0.999834 1
0.999737 1
0.101385 0
0.999176 1
0.999666 1
0.999907 1
0.627296 0
0.431287 0
0.998271 1
0.994772 1
0.999872 1
0.998234 1
0 1
0 1
0 1
0.35186 0
0.999871 1
0.999082 1
0.996942 1
0.999058 1
0.999699 1
0.998042 1
0.999702 1
0.999808 1
0.99987 1
0.999911 1
0.999817 1
0.999844 1
0.999662 1
0.99991 1
0.999951 1
0.999925 1
0.999907 1
0.999874 1
0.968176 1
0.999499 1
0.999553 1
0.99965 1
0.993284 0
0.99991 1
0.999904 1
0.999869 1
0.907097 0
0.999752 1
0.999872 1
0.999409 1
0.999897 1
0.99989 1
0 1
0 1
0.928807 0
0.997816 1
0.999083 1
0.990785 1
0.99772 1
0.99108 1
0.999724 1
0.999851 1
0.611784 0
0.999828 1
0.120422 0
0.989214 0
0.999638 1
0.994266 1
0.996954 1
0.999884 1
0.823441 0
0.99731 1
0.994747 1
0.997731 1
0.99962 1
0.988964 1
0.999856 1
0.999943 1
0.999787 1
0.999892 1
0.999864 1
0.999895 1
0.99995 1
0.999948 1
0.126489 0
0.996978 1
0.999895 1
0.999801 1
0.999836 1
0.999801 1
0.999921 1
0.999903 1
0.999858 1
0.999798 1
0.999617 1
0.999796 1
0.999796 1
0.999341 1
0.999819 1
0.999947 1
0.183788 0
0.99987 1
0.997407 1
0.999815 1
0.99793 1
0.999962 1
0.999936 1
0.999902 1
0.999922 1
0 1
0.128418 0
0.999717 1
0.99974 1
0.910135 1
0.99979 1
0.982024 0
0.999919 1
0.999627 1
0.998717 1
0.999699 1
0.999929 1
0.999115 1
0.99972 1
0.999857 1
0.123413 0
0.746941 0
0.99982 1
0.994435 1
0.999762 1
0.61234 0
0.999866 1
0.999817 1
0.999918 1
0.999739 1
0.999897 1
0.999856 1
0.999782 1
0.999624 1
0.999793 1
0.999868 1
0.999866 1
0.999853 1
0.999898 1
0 1
0.999762 1
0.962892 0
0.999787 1
0.789956 0
0.995613 1
0.999878 1
0.99945 1
0.999604 1
0.999562 1
0.999812 1
0.999969 1
0.999908 1
0.999941 1
0.999802 1
0.998514 1
0.999922 1
0.999814 1
0.997955 1
0.999757 1
0.999929 1
0.999929 1
0.999938 1
0.99986 1
0.753154 0
0.997669 1
0.998357 1
0.999836 1
0.999783 1
0.964368 1
0.997412 1
0.999822 1
0.999782 1
0 1
0.999842 1
0.182148 1
0.999827 1
0.999893 1
0.999893 1
0.999883 1
0.263206 0
0.999692 1
0.999853 1
0.999624 1
0.999604 1
0 1
0.299397 0
0.143263 0
0.806716 0
0.992462 1
0.998304 1
0.999806 1
0.99849 1
0.495518 1
0.99987 1
0.999838 1
0.999885 1
0.999368 1
0.999906 1
0.999514 1
0.999728 1
0.999772 1
0.996746 1
0.998987 1
0.968223 1
0.996324 1
0.999837 1
0.999827 1
0.999824 1
0.999181 1
0.999809 1
0.999578 1
0.429454 0
0.748314 0
0.999628 1
0.998656 1
0.999871 1
0.999936 1
0.999905 1
0.999664 1
0.99969 1
0.999862 1
0.99926 1
0.999835 1
0.999664 1
0.999702 1
0.764693 0
0.998533 1
0.939814 0
0.999865 1
0.999957 1
0.999957 1
0.624593 0
0.999874 1
0.309444 1
0.999912 1
0.999824 1
0.999865 1
0.999448 1
0.999899 1
0.99902 1
0.999866 1
0.999508 1
0.999906 1
0.999854 1
0.999869 1
0.999821 1
0.999783 1
0.999836 1
0.999914 1
0.999907 1
0.128957 0
0.999544 1
0.99896 1
0.999868 1
0.999898 1
0.994282 1
0.999909 1
0.999752 1
0.999776 1
0.792305 0
0.973331 0
0.997952 1
0.998921 1
0.263557 0
0.999841 1
0.999243 1
0.999041 1
0.999822 1
0.999846 1
0.99991 1
0.999865 1
0.999921 1
0.999422 1
0.99986 1
0.999775 1
0.999583 1
0.999904 1
0.999925 1
0 1
0.975722 0
0.105091 0
0.995981 1
0.996427 1
0.997253 1
0.999926 1
0.999968 1
0.999692 1
0.999865 1
0.999721 1
0.14068 0
0.999854 1
0.999843 1
0.999722 1
0.67039 0
0.220928 0
0.999937 1
0.996132 1
0.999896 1
0.999562 1
0.999846 1
0.999695 1
0.993312 0
0.999937 1
0.999887 1
0.999885 1
0.99991 1
0 1
0.999469 0
0.999904 1
0.999879 1
0.999915 1
0.999882 1
0.999957 1
0.9999 1
0.999842 1
0.999857 1
0.999894 1
0.999728 1
0.940033 0
0.815332 0
0.187633 0
0.978212 1
0.999912 1
0.999315 1
0.999902 1
0.999922 1
0.999835 1
0.999778 1
0 1
0 1
0 1
0 1
0.981382 0
0.170521 0
0.667215 0
0.999916 1
0.998902 1
0.996981 1
0 1
0.733712 0
0.992709 0
0.994517 1
0.992105 1
0.998433 1
0.997401 1
0.99766 1
0.995496 1
0.999893 1
0.995533 1
0.999689 1
0.548491 0
0.999929 1
0.999792 1
0.999897 1
0.999778 1
0.999904 1
0.999877 1
0.999899 1
0.999902 1
0 1
0.516165 0
0.999726 1
0.999864 1
0.229145 0
0.999734 1
0.999767 1
0.999857 1
0.999865 1
0.999919 1
0.991512 1
0.999861 1
0.999733 1
0.999868 1
0.999518 1
0.999925 1
0.999906 1
0.999767 1
0.999137 1
0.999963 1
0.999924 1
0.999889 1
0.999893 1
0.999537 1
0.986874 1
0.9998 1
0.999816 1
0.999825 1
0.999479 1
0.999815 1
0.999708 1
0.999935 1
0.999828 1
0.999788 1
0.999208 1
0.999748 1
0.999949 1
0.999782 1
0.97639 0
0.999761 1
0.998742 1
0.999933 1
0.997549 1
0.999858 1
0.9996 1
0.228183 0
0.999688 1
0.999896 1
0.999924 1
0.999552 1
0.999796 1
0.999562 1
0.999674 1
0.99913 1
0.994286 1
0.99947 1
0.999777 1
0.999821 1
0.99988 1
0.999941 1
0.999877 1
0.999891 1
0.999793 1
0.999847 1
0.999913 1
0.999784 1
0.999846 1
0.999828 1
0.999949 1
0.999812 1
0.23014 0
0.999759 1
0.173669 0
0.999893 1
0.999225 1
0.998906 1
0.999866 1
0 1
0 1
0.166022 1
0.99972 1
0.999765 1
0.999887 1
0.999931 1
0.99986 1
0.999888 1
0.999932 1
0.999935 1
0.999936 1
0.999843 1
0.999917 1
0.999904 1
0.99991 1
0.999838 1
0.999852 1
0.999855 1
0.998965 1
0.999687 1
0.99991 1
0.999891 1
0 1
0 1
0.999806 1
0.999873 1
0.999785 1
0.999871 1
0.999865 1
0.999946 1
0.999945 1
0.999947 1
0.998761 1
0.999572 1
0 1
0 1
0.97153 0
0.999881 1
0.999872 1
0.999707 1
0.999869 1
0.999799 1
0.999919 1
0.99961 1
0.999611 1
0.999642 1
0.999902 1
0.999839 1
0.999571 1
0.999903 1
0.999876 1
