0 1
0.999457 0
0.997104 1
0.999812 1
0.918295 1
0.999714 1
0.999782 1
0.173733 0
0.550431 0
0.999562 1
0.992211 1
0.998816 1
0.999749 1
0.999641 1
0.997259 1
0.999804 1
0.868192 1
0.999731 1
0.998309 1
0.999559 1
0.999062 1
0.998359 1
0.524449 0
0.999464 1
0.999776 1
0.979156 1
0 1
0 1
0 1
0 1
0 1
0.43572 1
0.999099 1
0.90167 0
0.999569 1
0.99954 1
0.999066 1
0.997222 1
0.998873 1
0.990419 1
0.999729 1
0.99976 1
0.999544 1
0.999552 1
0.999813 1
0.999362 1
0.99969 1
0.999812 1
0.999718 1
0.999054 1
0.46434 0
0.999713 1
0.99072 1
0.999876 1
0.999763 1
0.399763 0
0.998577 1
0.999292 1
0.409446 0
0.996276 1
0.999736 1
0.999849 1
0.999527 1
0.999655 1
0.999877 1
0.999307 1
0.98396 1
0.99962 1
0.999489 1
0.999716 1
0.999584 1
0.999169 1
0.999738 1
0.998566 1
0 1
0 1
0.665154 0
0.990701 0
0.998169 1
0.999762 1
0.999827 1
0.999724 1
0.99957 1
0.999773 1
0.999444 1
0.999597 1
0.999377 1
0.9997 1
0.250689 0
0.99954 1
0.999736 1
0.999497 1
0.999784 1
0.999771 1
0.999598 1
0.999588 1
0.999734 1
0.809529 1
0.999372 1
0 1
0 1
0.118306 1
0.99986 1
0.731305 1
0.128777 0
0.999457 1
0.999772 1
0.999823 1
0.999629 1
0.99972 1
0.999361 1
0.99869 1
0.999673 1
0.999793 1
0.99969 1
0.999187 1
0.997224 1
0.999774 1
0.99927 1
0.999906 1
0.999555 1
0.998031 1
0 1
0.9794 0
0.998874 1
0.999766 1
0.999184 1
0.999733 1
0.998008 1
0.999191 1
0.999749 1
0.999685 1
0 1
0.977378 0
0.91645 1
0.999457 1
0.998964 1
0.999848 1
0.999659 1
0.998932 1
0.99975 1
0.12775 0
0.999036 1
0.997962 1
0.974021 1
0.998048 1
0.996189 1
0.99865 1
0.99985 1
0.998267 1
0.998625 1
0.999775 1
0.999546 1
0.992373 1
0.999545 1
0.999632 1
0.999853 1
0.462067 0
0.999772 1
0 1
0 1
0.991056 0
0.997744 0
0.141078 0
0.999845 1
0.941217 0
0.999136 1
0.999778 1
0.999609 1
0.999536 1
0.375392 0
0.999771 1
0.99964 1
0.99571 1
0.999117 1
0.645238 0
0.856794 0
0.997707 1
0.999654 1
0.999076 1
0.999332 1
0.997954 1
0.282615 0
0.999059 1
0.998898 1
0.998706 1
0.99914 1
0.987702 1
0.996628 1
0.947244 1
0.396577 0
0.999322 1
0.137113 1
0.999133 1
0.582233 0
0.76352 0
0.99893 1
0.999589 1
0.999836 1
0.999696 1
0.797941 0
0.999522 1
0.572586 0
0.997706 1
0.999506 1
0.999779 1
0.996147 1
0.999761 1
0.999829 1
0.999413 1
0.998818 1
0.996877 1
0.9994 1
0.999672 1
0.999756 1
0.748151 0
0.999789 1
0.999793 1
0 1
0.987403 0
0.999454 1
0.998426 1
0.999795 1
0.999809 1
0.999247 1
0.999285 1
0.999787 1
0.948081 0
0.999759 1
0.999816 1
0.999839 1
0.999672 1
0.998664 1
0.999845 1
0.999865 1
0 1
0.438362 0
0.99952 1
0.996904 1
0.999524 1
0.999868 1
0.987227 0
0.999206 1
0.999743 1
0.999578 1
0.998824 1
0.851781 0
0.999728 1
0.999861 1
0.99963 1
0.997184 1
0.999785 1
0.99957 1
0.998913 1
0.999869 1
0.999323 1
0.99988 1
0.99981 1
0.999841 1
0.999869 1
0.999711 1
0.999552 1
0.999763 1
0.999798 1
0.999715 1
0.999736 1
0.999622 1
0.999651 1
0.998172 1
0.130921 0
0.105231 0
0.998341 1
0.996649 1
0.99953 1
0.999591 1
0.999448 1
0.999085 1
0.999742 1
0.999364 1
0.999808 1
0.975863 1
0.999746 1
0.999359 1
0.999854 1
0.998946 1
0.999654 1
0.999856 1
0.998646 1
0.999786 1
0.998639 1
0.996426 1
0.999791 1
0.999676 1
0.999698 1
0.999689 1
0 1
0.971897 0
0.253039 0
0.91596 0
0.999052 1
0.997626 1
0.555247 1
0.999289 1
0.99627 1
0.999534 1
0.998007 1
0.99981 1
0.99937 1
0.999812 1
0 1
0.992031 0
0.999619 1
0.984771 1
0.990967 1
0.999701 1
0.999636 1
0 1
0.998089 0
0.996744 1
0.999736 1
0.999094 1
0.923789 1
0.997104 1
0.999729 1
0.999563 1
0.999625 1
0.999872 1
0.999763 1
0.99321 1
0.999719 1
0.999611 1
0.999756 1
0.999548 1
0.999587 1
0.999869 1
0.999815 1
0.999829 1
0.999178 1
0.1401 0
0.859901 1
0.998572 1
0.993483 1
0.99979 1
0.988399 1
0.998964 1
0.13753 0
0.999458 1
0.999829 1
0.99968 1
0 1
0.101079 1
0.999725 1
0.999299 1
0.961987 0
0.998973 1
0.996662 1
0.999492 1
0.999472 1
0.999934 1
0.999814 1
0.998995 1
0.999692 1
0 1
0.998556 0
0.318279 0
0.999864 1
0.999682 1
0.999523 1
0.99915 1
0.996702 1
0.999496 1
0.999794 1
0.999836 1
0.999747 1
0.999562 1
0.994453 1
0.999415 1
0.999243 1
0.999753 1
0.994399 1
0.999769 1
0.99974 1
0.999626 1
0.999748 1
0.999656 1
0.999761 1
0.999379 1
0.998959 1
0.999239 1
0.999826 1
0.999658 1
0.999804 1
0.999533 1
0.737147 1
0.222303 0
0.998729 1
0.999564 1
0.983816 1
0.999756 1
0.999815 1
0.999833 1
0.999748 1
0.999861 1
0.999805 1
0.114704 0
0.999583 1
0.999468 1
0.99982 1
0.999574 1
0.999907 1
0.995338 1
0.884386 1
0.998806 1
0.999701 1
0.999788 1
0.999467 1
0.999369 1
0.999877 1
0 1
0 1
0 1
0.999638 1
0.998626 1
0.99976 1
0.999626 1
0.999568 1
0.999867 1
0.999863 1
0.999781 1
0.999559 1
0.999039 1
0.999754 1
0.999812 1
0.99977 1
0 1
0.985486 0
0.999777 1
0.999548 1
0.999671 1
0.135437 0
0.998228 1
0.999683 1
0.99978 1
0.99954 1
0.999827 1
0.865909 0
0.99984 1
0.138635 0
0.999364 1
0 1
0.111568 0
0.572708 0
0.996732 1
0.999221 1
0.99766 1
0.97878 1
0.997884 1
0.973221 1
0.817205 1
0.998415 1
0.999744 1
0.999609 1
0.999774 1
0.119452 0
0.999509 1
0.999872 1
0.999779 1
0.761905 0
0.999674 1
0.999226 1
0.999372 1
0.999729 1
0.9997 1
0.998713 1
0.999371 1
0.999754 1
0.99981 1
0.99987 1
0.999883 1
0.999667 1
0.433151 0
0.999531 1
0.999772 1
0.999585 1
0.999851 1
0.999804 1
0.999786 1
0.999776 1
0.996546 1
0.999521 1
0.17202 0
0.999584 1
0.99942 1
0.999774 1
0.999792 1
0.73434 0
0.991019 1
0.999496 1
0.581982 0
0.999344 1
0 1
0.777692 0
0.310183 0
0.987613 0
0.948799 0
0.765421 1
0.937759 1
0.999428 1
0.99504 1
0.98839 1
0.999735 1
0.998469 1
0.999715 1
0.999845 1
0.27295 0
0.999624 1
0.999556 1
0.999659 1
0.999847 1
0.999737 1
0.965305 1
0.995969 1
0.999692 1
0.999486 1
0 1
0.995565 1
0.999243 1
0.971027 1
0.999306 1
0.996044 1
0.994926 1
0.998501 1
0.998204 1
0.996436 1
0.997243 1
0.999014 1
0.998321 1
0.999637 1
0.994832 0
0.999437 1
0.392591 0
0.999598 1
0.999174 1
0.999913 1
0.999671 1
0.999509 1
0.999628 1
0.99962 1
0.999818 1
0.999306 1
0.999792 1
0.119857 0
0.448826 0
0.999572 1
0.99973 1
0.999835 1
0 1
0.997535 0
0.999318 1
0.999612 1
0.999813 1
0.998124 1
0.999802 1
0.999224 1
0.999823 1
0.999738 1
0.999736 1
0.995231 1
0.239379 0
0.979577 1
0.999561 1
0.999824 1
0.9996 1
0.99778 1
0.999353 1
0.999224 1
0.999783 1
0.999832 1
0.999666 1
0.999548 1
0.999429 1
0.999459 1
0.998462 1
0.99948 1
0 1
0.999293 1
0.991122 1
0.999794 1
0.999772 1
0.999611 1
0.999825 1
0.609722 0
0.985002 0
0.895093 0
0.998917 1
0.99948 1
0.999846 1
0.999589 1
0.999712 1
0.999539 1
0.998776 1
0.995439 0
0.212927 0
0.973185 0
0.996205 1
0.996367 1
0.998702 1
0.999287 1
0.998972 1
0.99923 1
0.999819 1
0.999806 1
0.999676 1
0.99988 1
0.999481 1
0.99958 1
0.999715 1
0.999453 1
0.996602 1
0.996467 1
0.998413 1
0.999314 1
0.999132 1
0.998909 1
0.999744 1
0.999801 1
0.991261 1
0.999047 1
0.999402 1
0.815958 0
0.999048 1
0.920177 1
0.737899 1
0.863621 1
0 1
0.999579 1
0.999834 1
0.99974 1
0.150487 0
0.498347 0
0.999374 1
0.998549 1
0.999445 1
0.999537 1
0.999735 1
0.999749 1
0.999824 1
0.999712 1
0.999172 1
0.99965 1
0.999753 1
0 1
0.999187 1
0.999676 1
0.999209 1
0.999766 1
0.997661 1
0.999878 1
0 1
0.952509 0
0.999632 1
0.999175 1
0.999514 1
0.999491 1
0.999805 1
0.999735 1
0 1
0.999791 1
0.996945 1
0.999676 1
0.999549 1
0.997782 1
0.979257 0
0.999623 1
0.99952 1
0.998756 1
0.999586 1
0 1
0.824659 0
0.998376 0
0.998303 1
0.999167 1
0.99648 1
0.999751 1
0.998617 1
0.999595 1
0.99968 1
0.99955 1
0.577781 0
0.965718 1
0.998082 1
0.999076 1
0 1
0.895414 0
0.346458 0
0.997889 1
0.998739 1
0.999739 1
0.999554 1
0.999831 1
0.998593 1
0.999529 1
0.999606 1
0.762944 0
0.157548 0
0.998931 1
0.999161 1
0.993991 1
0.999881 1
0.155527 0
0.99911 1
0.999768 1
0.645096 0
0.998092 1
0.999682 1
0.720363 0
0.407609 0
0.949129 0
0.998723 1
0.99974 1
0.99726 1
0.124013 0
0.999846 1
0.15805 0
0.999634 1
0.999856 1
0.996593 1
0.908374 0
0.983251 1
0.975011 1
0.998616 1
0.996735 1
0.998883 1
0.997884 1
0 1
0 1
0.960347 1
0.999726 1
0.999849 1
0.999841 1
0.999838 1
0.999348 1
0.995994 0
0.999759 1
0.999598 1
0.999672 1
0.999838 1
0.999781 1
0.999574 1
0.999529 1
0.999096 1
0.999749 1
0.999525 1
0.999586 1
0.999355 1
0.999576 1
0.999581 1
0.999033 1
0.99971 1
0.999594 1
0.999755 1
0.998984 1
0.999589 1
0.999877 1
0.999762 1
0 1
0 1
0.181089 0
0.848134 1
0.998901 1
0 1
0 1
0.191421 0
0.999494 1
0.999758 1
0 1
0.999837 1
0.998001 1
0.999799 1
0 1
0.994784 0
0.999779 1
0.999243 1
0.999653 1
0.999127 1
0 1
0 1
0 1
0 1
0 1
0 1
0 1
0.631841 0
0.181271 0
0.827697 0
0.920859 1
0.999483 1
0.482728 1
0.41972 0
0.154125 0
0.999193 1
0.999839 1
0.999704 1
0.998186 1
0.999713 1
0.998703 1
0.998673 1
0.999804 1
0.998496 1
0.999894 1
0.999542 1
0.998162 1
0.999806 1
0.999577 1
0 1
0.999804 1
0.998715 1
0.99985 1
0.999759 1
0.998955 1
0.997541 1
0.997893 1
0.999645 1
0.999653 1
0.113223 0
0.997217 1
0.974367 1
0.999398 1
0.994906 1
0.999233 1
0.999662 1
0.999776 1
0.999557 1
0.999725 1
0.999824 1
0.999025 1
0.998789 1
0.995184 0
0.999813 1
0.999311 1
0.998991 1
0.999704 1
0.999832 1
0.999856 1
0.998625 1
0.982181 1
0.999062 1
0.99529 1
0.999145 1
0.161183 0
0.999854 1
0 1
0.999111 1
0.997612 1
0.999701 1
0.103131 0
0.999794 1
0.218836 0
0.998921 1
0.999822 1
0.999873 1
0.994429 0
0.999572 1
0.998961 1
0.999805 1
0.996494 1
0.999693 1
0.998772 1
0.715391 0
0.998784 1
0.999846 1
0.999804 1
0.999634 1
0.999821 1
0.106794 0
0.999653 1
0.99955 1
0.999606 1
0.998639 1
0.999666 1
0.999578 1
0.999742 1
0.993527 1
0.994235 1
0.984893 1
0.99869 1
0.996068 1
0.999327 1
0.999614 1
0.999841 1
0.999291 1
0 1
0 1
0.999725 1
0.999638 1
0.999887 1
0.599517 0
0.431539 1
0.999783 1
0.999776 1
0.999481 1
0.999857 1
0.999792 1
0.999727 1
0.99981 1
0.999345 1
0.999501 1
0.999717 1
0.999458 1
0.99978 1
0.999059 1
0 1
0.213802 0
0.749572 0
0.998038 0
0.978909 1
0.997791 1
0.986859 1
0.998911 1
0.999777 1
0.999849 1
0.999788 1
0.999798 1
0.999388 1
0.999642 1
0 1
0.980335 0
0.994739 1
0.994239 1
0.999258 1
0.95151 1
0.999791 1
0.999848 1
0.999716 1
0.999662 1
0.999427 1
0.999625 1
0.999674 1
0.999769 1
0.999559 1
0.999833 1
0.814453 0
0.999731 1
0.999413 1
0.999637 1
0.999535 1
0.997353 1
0.999837 1
0.999673 1
0.496132 0
0.999011 1
0.999608 1
0.999886 1
0.999276 1
0.806947 1
0.944587 1
0.999128 1
0.999328 1
0.931876 0
0.999596 1
0.999824 1
0.990147 1
0.999761 1
0.997432 1
0.999699 1
0.998902 1
0.996544 1
0 1
0.99829 1
0.998828 1
0.773828 0
0.999606 1
0.999472 1
0.85971 0
0.928464 0
0.999441 1
0.999476 1
0 1
0 1
0.995369 0
0.875577 0
0.24178 0
0.983248 0
0.198284 0
0.933393 0
0.996287 1
0.994074 1
0.986956 1
0.989692 1
0.996216 1
0.998564 1
0.999238 1
0.999393 1
0.979548 1
0.99947 1
0.999101 1
0.999343 1
0.99982 1
0.99962 1
0.998924 1
0.999613 1
0.748491 0
0.364746 0
0.130354 0
0.341545 1
0.999096 1
0.999834 1
0.999788 1
0.999538 1
0.9998 1
0.998732 1
0.999351 1
0.965413 1
0.99984 1
0.999637 1
0.999651 1
0.999539 1
0.999844 1
0 1
0.66862 0
0.338041 0
0.996146 1
0.999847 1
0.996242 1
0.999335 1
0.999386 1
0.999352 1
0.999517 1
0.999292 1
0.132529 0
0.999621 1
0.999664 1
0.713775 0
0.999571 1
0.999664 1
0.999183 1
0.999818 1
0.999849 1
0.999269 1
0.999664 1
0.9746 1
0.999559 1
0.999216 1
0 1
0.993704 0
0.999515 1
0 1
0 1
0.337543 0
0.999645 1
0.999517 1
0.994705 1
0.995709 1
0.999812 1
0 1
0 1
0 1
0.33521 0
0.988626 0
0.22866 0
0.931051 0
0.999022 1
0.990158 1
0.999492 1
0.999434 1
0.999341 1
0.998893 1
0.999659 1
0.999546 1
0.99961 1
0.996268 1
0.997882 1
0.804291 0
0.113134 0
0.999402 1
0.999198 1
0.999626 1
0.999852 1
0.995746 1
0.99985 1
0.999837 1
0.999795 1
0.205445 1
0.995725 1
0.915527 1
0 1
0.99704 0
0.999108 1
0.999695 1
0.345022 0
0.999724 1
0.999668 1
0.998589 1
0.999804 1
0.999543 1
0.999373 1
0.999716 1
0.998967 1
0.999773 1
0.999833 1
0.999827 1
0.999852 1
0.994756 1
0.999758 1
0.999811 1
0.999624 1
0.999801 1
0.999844 1
0.999792 1
0.99953 1
0 1
0.997771 0
0.999808 1
0.999812 1
0.997817 1
0.999715 1
0 1
0.456099 0
0.805397 0
0.889881 0
0.109037 0
0.992461 0
0.997942 1
0.997037 1
0.999603 1
0.99979 1
0.9955 1
0.998983 1
0.999284 1
0.999675 1
0.9997 1
0.998492 1
0.999346 1
0.970863 0
0.135309 0
0.999507 1
0.999583 1
0.99954 1
0.240204 0
0.998932 1
0.999792 1
0.999301 1
0.936494 0
0.999002 1
0.999424 1
0.999536 1
0.998592 1
0.999749 1
0.999663 1
0.999825 1
0.999684 1
0.999815 1
0.999376 1
0.999377 1
0.963697 0
0.998997 1
0.996525 1
0.999869 1
0.997162 1
0 1
0.887396 0
0.99945 1
0.999143 1
0.999306 1
0.99972 1
0.999773 1
0.999735 1
0.999049 1
0.999739 1
0.209167 0
0.999793 1
0.999811 1
0.999546 1
0.995992 1
0.987536 1
0.99682 1
0.99971 1
0 1
0.983189 1
0.999361 1
0.999699 1
0 1
0 1
0.999854 1
0.999365 1
0.998471 1
0.998833 1
0.540619 0
0.999824 1
0.944743 1
0.979376 0
0.95406 0
0.999744 1
0.999152 1
0.997787 1
0.99969 1
0.999865 1
0.999625 1
0.997596 1
0.999435 1
0.999571 1
0.999395 1
0.99945 1
0.998329 1
0.999829 1
0.999778 1
0.999816 1
0.999849 1
0.998653 1
0.999573 1
0.999742 1
0.999843 1
0.999891 1
0 1
0.191346 1
0.999707 1
0.998783 1
0.999585 1
0.745164 0
0.999909 1
0.999618 1
0.999795 1
0.997652 1
0.999702 1
0.999853 1
0.999796 1
0.999774 1
0.999754 1
0.999452 1
0.999823 1
0.999782 1
0.321924 0
0.999429 1
0.570266 0
0.9973 1
0.992963 1
0.999609 1
0.99975 1
0.999916 1
0.999597 1
0.999695 1
0.987245 1
0.999701 1
0.36072 0
0.999533 1
0.999798 1
0.999861 1
0.999861 1
0.924304 0
0.393907 0
0.993082 1
0.99981 1
0.999351 1
0.999226 1
0.999464 1
0.999893 1
0.999898 1
0.999849 1
0.999855 1
0.122415 0
0.999882 1
0.99984 1
0.999799 1
0.999829 1
0.912536 0
0.999821 1
0.697664 1
0.999429 1
0.999847 1
0.999884 1
0.999554 1
0.99982 1
0.999821 1
0 1
0 1
0 1
0.730458 0
0.998801 1
0.99911 1
0.977802 1
0.998883 1
0.997125 1
0.997713 1
0.999779 1
0.999615 1
0.998423 1
0.206955 0
0.983968 1
0.998489 1
0.999647 1
0.99911 1
0.954419 0
0.999841 1
0.997771 1
0.95872 1
0.956233 1
0.997933 1
0.999403 1
0.999702 1
0.999597 1
0.999865 1
0.999532 1
0.999794 1
0.999189 1
0 1
0.999614 1
0.999749 1
0.998875 1
0.999671 1
0.999639 1
0.999136 1
0.999134 1
0.998497 1
0.999686 1
0.999189 1
0.999848 1
0.997882 1
0.999329 1
0.967122 0
0.996653 1
0.99959 1
0.99973 1
0.999436 1
0 1
0.519279 0
0.998633 1
0.999714 1
0.998139 1
0.99941 1
0.999727 1
0.973561 1
0.999814 1
0.999813 1
0.99928 1
0.998571 1
0.999651 1
0.999558 1
0.998088 1
0.999683 1
0.999793 1
0.999737 1
0.999371 1
0.998607 1
0.999726 1
0.999603 1
0.999884 1
0.250276 0
0.999812 1
0.999809 1
0.929192 0
0.991473 0
0.999317 1
0.994667 1
0.999846 1
0.999354 1
0.53422 0
0.246986 0
0.99972 1
0.999249 1
0.999847 1
0.999785 1
0.228838 0
0.999786 1
0.999169 1
0.999629 1
0.999607 1
0.253562 0
0.131617 0
0.999026 1
0.999736 1
0.999648 1
0.999876 1
0.205441 0
0.999823 1
0.998791 1
0.999788 1
0.999631 1
0.999537 1
0.998967 1
0.993995 1
0.987273 1
0.998894 1
0.99906 1
0.999064 1
0.999624 1
0.999514 1
0.995612 1
0.999577 1
0.992729 1
0.999707 1
0.99979 1
0.99968 1
0.15552 0
0.99985 1
0 1
0.86384 0
0.907499 0
0.995937 1
0.991324 1
0.999531 1
0.99959 1
0.992608 1
0.999558 1
0.999453 1
0.997151 1
0.993091 1
0.999532 1
0.998927 1
0.995398 1
0.999666 1
0.999797 1
0.9992 1
0.999832 1
0.998096 1
0.924188 0
0.996314 1
0.997679 1
0.999666 1
0.999606 1
0.999852 1
0.99954 1
0.999429 1
0.997328 1
0.985373 1
0.997831 1
0.986982 1
0 1
0 1
0.495119 0
0.755292 0
0.999209 1
0.999399 1
0.110297 0
0.741831 0
0.986133 1
0.997138 1
0.999681 1
0.998834 1
0.999351 1
0 1
0.452625 0
0.998931 0
0.999744 1
0.999826 1
0.565026 0
0.117757 0
0.939374 1
0.168737 1
0.999262 1
0.722722 1
0.999389 1
0.999805 1
0.136044 0
0.999762 1
0.998622 1
0.999342 1
0.994067 1
0.999718 1
0.999736 1
0.999494 1
0.999424 1
0 1
0.999546 1
0.999065 1
0.96549 1
0.999772 1
0.971748 1
0.992729 1
0.999668 1
0.998773 1
0.999011 1
0.999196 1
0.999839 1
0.999808 1
0 1
0.468932 0
0.996712 0
0.99937 1
0.999768 1
0.999832 1
0.999726 1
0.999706 1
0.999776 1
0.997395 1
0.958929 1
0.999793 1
0.998944 1
0.998796 1
0.999644 1
0.997983 1
0.999526 1
0.181495 0
0.862777 0
0.999327 1
0.999658 1
0.999364 1
0.999855 1
0.748688 0
0.999689 1
0.999776 1
0.999617 1
0.999784 1
0.999709 1
0.999654 1
0.999177 1
0.999418 1
0.999765 1
0.999709 1
0.999756 1
0.998246 1
0.999735 1
0.996592 1
0.997779 0
0.999898 1
0.999245 1
0.999781 1
0.998568 1
0.999505 1
0.998884 1
0.999841 1
0.998952 1
0.999369 1
0.999584 1
0.996053 1
0.998068 1
0.999725 1
0.996981 1
0.990487 1
0.99969 1
0.9962 1
0.999668 1
0.999466 1
0.999846 1
0.999467 1
0.997406 1
0.998808 1
0.992259 1
0.999543 1
0.999438 1
0.999582 1
0.999832 1
0.999504 1
0.999326 1
0.999187 1
0.99959 1
0.990032 1
0.999741 1
0.999884 1
0.934913 1
0.999307 1
0.998786 1
0.999777 1
0.997256 1
0.998402 1
0.999647 1
0.999569 1
0 1
0 1
0.351585 1
0.99978 1
0.999747 1
0.999518 1
0.999507 1
0 1
0.155999 0
0.872285 0
0.980948 1
0.999715 1
0.126873 1
0.843223 1
0.996157 1
0.99831 1
0 1
0.986643 0
0.999796 1
0.999813 1
0.987468 1
0.999709 1
0.999672 1
0.999816 1
0.151767 0
0.999824 1
0.99979 1
0.999876 1
0.999789 1
0.991292 0
0.244512 0
0.999852 1
0.997441 1
0.999864 1
0 1
0 1
0.999805 1
0.999851 1
0.999327 1
0.999545 1
0.999717 1
0.999418 1
0.997754 1
0.999803 1
0.990143 0
0.663631 0
0.997691 1
0.99412 1
0.993542 1
0.986416 1
0.998956 1
0.99597 1
0.999208 1
0.999726 1
0 1
0.969128 0
0.956016 1
0.999326 1
0.454845 0
0.996805 1
0.999375 1
0.999781 1
0.999823 1
0.999527 1
0.99948 1
0.999774 1
0.998581 1
0.999129 1
0.99945 1
0.999757 1
0.999537 1
0.999375 1
0.95928 1
0.999635 1
0.995695 1
0.983917 1
0.987275 1
0.770761 0
0.998838 1
0.994602 1
0.999798 1
0.958388 1
0.999522 1
0.9974 1
0.982582 1
0.158624 0
0.999089 1
0.99978 1
0.999562 1
0.999826 1
0.999875 1
0.999575 1
0.998912 1
0.999789 1
0.99794 1
0.999165 1
0.999803 1
0.999825 1
0 1
0.422984 0
0.999852 1
0.999711 1
0.999794 1
0.999682 1
0.998511 1
0.99913 1
0.999444 1
0.999619 1
0.298656 0
0.999294 1
0.999803 1
0 1
0 1
0 1
0 1
0 1
0 1
0 1
0 1
0 1
0.442919 1
0.999676 1
0.915913 1
0.74548 1
0.133686 1
0.999395 1
0.999827 1
0.999086 1
0 1
0.362023 0
0.968375 0
0.999661 1
0.999773 1
0.999893 1
0.999848 1
0.999719 1
0.999648 1
0.999717 1
0.998881 1
0.999697 1
0.999855 1
0.999724 1
0.997278 1
0.998814 1
0.99768 1
0.999416 1
0.997526 1
0.989432 1
0.332864 0
0.999714 1
0.93662 0
0.667447 0
0.999424 1
0.999618 1
0.999898 1
0.999804 1
0.999811 1
0.999056 1
0.999767 1
0.919084 1
0.756986 1
0.997452 0
0.999729 1
0.998295 1
0.872893 0
0.999399 1
0.986953 1
0.99793 1
0.999747 1
0.999757 1
0.999766 1
0.999828 1
0.99904 1
0.998479 1
0.997715 1
0.99864 1
0.999803 1
0.998848 1
0.423237 1
0.997998 1
0.999608 1
0.999251 1
0.999215 1
0.10179 0
0.999537 1
0.999844 1
0.999727 1
0.999717 1
0.999745 1
0.999914 1
0.260962 0
0.999265 1
0.999211 1
0.999785 1
0.999848 1
0.998165 1
0.999709 1
0.999739 1
0.997249 1
0.999087 1
0.999796 1
0.161757 0
0.525937 0
0.708068 0
0.970475 0
0.561013 0
0.164994 0
0.99198 1
0.982998 1
0.967293 1
0.994705 1
0.950082 1
0.980079 1
0.999683 1
0.995446 1
0.998732 1
0.990787 1
0.999501 1
0.999947 1
0 1
0.494478 0
0.907855 1
0.988879 1
0.997168 1
0.999585 1
0.988552 0
0.999822 1
0.999737 1
0.999822 1
0.999822 1
0.971369 0
0.99963 1
0.999676 1
0.999692 1
0.99989 1
0.999764 1
0.999786 1
0.998972 1
0.999678 1
0.986879 1
0.975913 0
0.999834 1
0.999618 1
0.99976 1
0.999642 1
0 1
0.999827 1
0.999597 1
0.999605 1
0.999797 1
0.979602 0
0.999787 1
0.999708 1
0.998285 1
0.9983 1
0.998359 1
0.999863 1
0.999531 1
0.999305 1
0.999498 1
0.999496 1
0.999607 1
0.999587 1
0.114662 0
0.999483 1
0 1
0 1
0 1
0 1
0.989284 0
0.262254 0
0.993788 1
0.99717 1
0.999265 1
0.991186 1
0.999409 1
0.999907 1
0.999448 1
0.999071 1
0 1
0.999674 1
0.99917 1
0.325139 0
0.999633 1
0.999141 1
0.999766 1
0.15306 1
0.676719 1
0.996586 1
0.96039 1
0.999771 1
0.158608 0
0.999858 1
0.999559 1
0.999329 1
0.999691 1
0.9995 1
0.999656 1
0.999837 1
0 1
0.990327 0
0.953313 0
0.999489 1
0.995174 1
0.99983 1
0.999552 1
0.122233 0
0.999126 1
0.986951 1
0.999585 1
0.999293 1
0.999662 1
0.999786 1
0.999585 1
0.999826 1
0.999356 1
0.999724 1
0.999796 1
0.999654 1
0.999537 1
0.999486 1
0.999806 1
0.999804 1
0.999778 1
0.837567 1
0.999502 1
0.993113 1
0.983827 1
0.999735 1
0 1
0.99307 0
0.999803 1
0.992706 1
0.999662 1
0.996021 1
0.999674 1
0.959452 1
0.999674 1
0 1
0 1
0 1
0 1
0 1
0.518039 0
0.374648 0
0.193585 0
0.143092 1
0.657228 1
0.442469 1
0.999196 1
0.247582 1
0.22988 1
0 1
0 1
0.999127 1
0.959071 1
0.999478 1
0.999769 1
0.999651 1
0.999703 1
0 1
0 1
0.103621 0
0.882222 0
0.887051 0
0.170401 0
0.212386 0
0.863989 0
0.835378 0
0.234603 0
0.186272 0
0.995243 1
0.992187 1
0.986673 1
0.999755 1
0.995481 1
0.994661 1
0.991151 1
0.990308 1
0.97794 1
0.997043 1
0.997389 1
0.999678 1
0.997682 1
0.999843 1
0.999681 1
0.694384 0
0.993309 1
0.999783 1
0.222679 0
0.997772 1
0.999738 1
0.999521 1
0.726036 0
0.128884 0
0.99972 1
0.586347 1
0.999483 1
0.999748 1
0.986176 1
0.998657 1
0.999882 1
0.999172 1
0.999775 1
0.99925 1
0.999626 1
0.999643 1
0.999809 1
0 1
0 1
0.989371 0
0.996549 1
0.406169 1
0.999253 1
0.999813 1
0.995781 1
0.998248 1
0.999512 1
0.999744 1
0.999793 1
0.975448 0
0.999542 1
0.999507 1
0.998649 1
0.905442 1
0.997374 1
0.999791 1
0.998356 1
0.999448 1
0.997717 1
0.999108 1
0.999828 1
0.999816 1
0.999821 1
0.999829 1
0.999631 1
0.999737 1
0 1
0.996527 0
0.99978 1
0 1
0.453648 0
0.985688 0
0.9986 1
0 1
0.985028 0
0.998975 1
0.998269 1
0.998299 1
0.999646 1
0.99963 1
0 1
0.960979 0
0.996625 1
0.999668 1
0.884962 1
0.916227 1
0.996514 1
0.996541 1
0.99975 1
0.999654 1
0.999594 1
0 1
0.556838 1
0.999843 1
0.999794 1
0.999726 1
0.999501 1
0.999671 1
0.935518 1
0.998782 1
0.999915 1
0 1
0 1
0.667807 0
0.993398 0
0.999866 1
0.999047 1
0.998319 1
0.999814 1
0.999669 1
0.999084 1
0.404328 0
0.999836 1
0.999834 1
0.999755 1
0.999336 1
0.999817 1
0.995354 1
0.999781 1
0.573132 0
0.999767 1
0.99973 1
0.99948 1
0.999136 1
0.999806 1
0.998862 1
0.93663 0
0.999351 1
0.999569 1
0.9998 1
0 1
0 1
0 1
0.575493 0
0.97016 0
0.121567 0
0.985227 1
0.999336 1
0.985203 1
0.999787 1
0.166263 0
0.999491 1
0.999014 1
0.999671 1
0.999858 1
0.999681 1
0.99043 1
0.998103 1
0.999227 1
0.999657 1
0.99974 1
0.99972 1
0.99984 1
0.968864 1
0.999823 1
0 1
0.992296 0
0.998259 1
0.999627 1
0.979945 1
0.997264 1
0.998601 1
0.999552 1
0.999842 1
0.99971 1
0.998748 1
0.999738 1
0.999525 1
0.999883 1
0.999828 1
0.998925 1
0.999239 1
0.999539 1
0.999068 1
0.713578 0
0.999815 1
0.998642 1
0.999528 1
0.999844 1
0 1
0.70101 0
0.988205 0
0.998766 1
0.999675 1
0.999937 1
0.209148 0
0.953084 1
0.995582 1
0.29376 1
0.990558 1
0.999703 1
0.9996 1
0.99925 1
0.996514 1
0.996553 1
0.999624 1
0.999875 1
0.99981 1
0.999226 1
0.999714 1
0.999813 1
0.207495 0
0.967203 0
0.998715 1
0.997287 1
0.999737 1
0.997191 1
0.998718 1
0.999846 1
0.999845 1
0.137687 0
0.99961 1
0.999722 1
0.35337 0
0.99933 1
0.999644 1
0.999604 1
0.833664 0
0.992171 1
0.999667 1
0.999089 1
0.99904 1
0.999821 1
0.999827 1
0.999874 1
0.999794 1
0.999572 1
0.999803 1
0.999887 1
0.999696 1
0.999534 1
0.999745 1
0.998719 1
0.999668 1
0 1
0.998678 0
0.999811 1
0.999462 1
0.998355 1
0.999615 1
0.999694 1
0.999387 1
0.999205 1
0.469096 1
0.999593 1
0 1
0 1
0.999726 1
0.999442 1
0.99923 1
0.999863 1
0.999701 1
0.459449 0
0.995507 1
0.999522 1
0.998175 1
0.991695 1
0.996523 1
0.974925 1
0.984458 1
0.997726 1
0.997161 1
0 1
0 1
0.999863 1
0.997655 1
0.999802 1
0.999339 1
0.999413 1
0.999646 1
0.999801 1
0.998682 1
0.998231 1
0.999507 1
0.999874 1
0.999799 1
0.999439 1
0.999853 1
0.999832 1
0.999727 1
0.205477 0
0.999771 1
0.99858 1
0.999587 1
0.999014 1
0.999825 1
0.999404 1
0.363157 1
0.999733 1
0.999784 1
0.999558 1
0.999883 1
0 1
0.997347 0
0.999572 1
0.998928 1
0.999774 1
0.999807 1
0.999189 1
0.999865 1
0.997408 1
0.999756 1
0.935932 0
0.989377 0
0.999699 1
0 1
0 1
0 1
0 1
0.993039 0
0.926606 0
0.993207 0
0.813588 0
0.812283 0
0.99918 1
0.999387 1
0.999682 1
0.999751 1
0.999869 1
0.999887 1
0.999834 1
0.999213 1
0.999652 1
0.995391 1
0.998487 1
0.996512 1
0.997567 1
0.999443 1
0.999596 1
0.999454 1
0.999374 1
0 1
0.981522 0
0.999618 1
0.999691 1
0.999508 1
0.999711 1
0.999484 1
0.997499 1
0.999704 1
0.959835 1
0.998716 1
0.994025 1
0.999756 1
0.999523 1
0.995692 1
0.4419 0
0.233886 0
0.999597 1
0.999605 1
0.999711 1
0.998713 1
0.999525 1
0.999851 1
0.738385 1
0.999466 1
0.999365 1
0.999815 1
0.999324 1
0.999796 1
0.999731 1
0 1
0.99957 1
0.999697 1
0.99927 1
0.999762 1
0.986231 1
0.383837 1
0.999855 1
0.999134 1
0.999654 1
0.997312 1
0.997704 1
0.999616 1
0.27522 0
0.999285 1
0.999832 1
0.999847 1
0.999785 1
0.999846 1
0.998882 1
0.998988 1
0.998537 1
0.999653 1
0.998393 1
0.986915 1
0.999704 1
0.998901 1
0.999637 1
0.99959 1
0.999713 1
0.999222 1
0.999192 1
0.173457 0
0.99976 1
0.99961 1
0.99977 1
0.999769 1
0.998133 1
0.999605 1
0.999462 1
0.997442 1
0.97992 1
0.997595 1
0.999254 1
0.403864 0
0.99872 1
0.999554 1
0.993129 1
0.987533 1
0.998922 1
0.995575 1
0.99954 1
0.999748 1
0.999603 1
0.99977 1
0.999612 1
0.999726 1
0.999722 1
0.999704 1
0.999704 1
0.999472 1
0.999436 1
0.999811 1
0.999884 1
0.999242 1
0.859362 0
0.921515 0
0.979431 0
0.998865 1
0.997795 1
0.999379 1
0.999397 1
0.99937 1
0.999774 1
0.261262 0
0.999772 1
0.99923 1
0 1
0 1
0.940657 0
0.993225 0
0.999474 1
0.998704 1
0.999604 1
0.999561 1
0.999621 1
0.999692 1
0.998461 1
0.999381 1
0.99949 1
0.999705 1
0.999667 1
0.999731 1
0.998721 1
0.999342 1
0.999421 1
0.999696 1
0.99957 1
0.99964 1
0.99953 1
0.999787 1
0.999606 1
0.999651 1
0.192806 0
0.999462 1
0.998285 1
0.99985 1
0.999263 1
0.998885 1
0.999558 1
0.125907 0
0.999872 1
0.998778 1
0.999523 1
0.999473 1
0.999516 1
0.999638 1
0.99817 1
0.998935 1
0.999549 1
0 1
0.151038 0
0.998388 1
0.999852 1
0.998966 1
0.162344 0
0.999292 1
0.999843 1
0.999555 1
0.543046 0
0.999476 1
0.999165 1
0.400851 0
0.999696 1
0.450925 0
0.999574 1
0.999139 1
0.999501 1
0.99213 1
0.995785 1
0.998046 1
0.826735 0
0.999625 1
0.46434 0
0.999713 1
0.486863 0
0.188996 0
0.993792 1
0.539094 1
0.999549 1
0.998662 1
0.999572 1
0.999207 1
0.999456 1
0.999651 1
0.591087 1
0.999781 1
0.999878 1
0.999657 1
0.829424 0
0.999754 1
0.988905 0
0.980822 0
0.999557 1
0.999688 1
0.99039 0
0.13411 0
0.990093 0
0.996799 1
0.998973 1
0.999739 1
0 1
0.982851 0
0.996138 1
0.999754 1
0.999466 1
0.999783 1
0 1
0.128702 0
0.127848 0
0.954464 0
0.104925 0
0.177818 0
0.999756 1
0.99813 1
0 1
0 1
0 1
0.140153 0
0.999585 1
0.999063 1
0.997289 1
0.999703 1
0.999784 1
0 1
0 1
0.810389 0
0.996732 1
0.996126 1
0.99942 1
0.990412 1
0.974231 1
0.995293 1
0.988559 1
0.999685 1
0.998521 1
0.999838 1
0.999528 1
0.914115 1
0.757526 0
0.999467 1
0.999236 1
0.998924 1
0.999632 1
0.999857 1
0.999621 1
0.141588 0
0.999876 1
0 1
0.470466 0
0.999697 1
0.99867 1
0.960638 0
0.998871 1
0.999875 1
0.999673 1
0 1
0 1
0 1
0 1
0.999758 1
0.998908 1
0.999172 1
0.999898 1
0.999824 1
0.999733 1
0.999824 1
0.978544 0
0.173661 0
0.999673 1
0.999211 1
0.996738 0
0.999089 1
0.995933 1
0.999763 1
0.999439 1
0.999543 1
0.999003 1
0.999797 1
0.999889 1
0.998364 1
0.919753 0
0.998856 1
0.999665 1
0.892466 1
0.99871 1
0.999632 1
0.997926 1
0.999475 1
0 1
0.970759 0
0.154068 0
0.967123 1
0.998659 1
0.997071 1
0.99955 1
0.999239 1
0.99973 1
0.999548 1
0.999593 1
0.998497 1
0.996713 1
0.999326 1
0.379474 0
0.931205 1
0.999867 1
0.999786 1
0.999825 1
0.999653 1
0.999475 1
0.999636 1
0.999817 1
0 1
0.998961 0
0.999783 1
0.998347 1
0.999786 1
0.999593 1
0.999028 1
0.999839 1
0.998811 1
0.999765 1
0.996481 1
0.99959 1
0.999538 1
0.999732 1
0.999848 1
0.999794 1
0.999826 1
0.995384 1
0.998827 1
0.999479 1
0.999598 1
0.999871 1
0.99978 1
0.99975 1
0.999841 1
0.154972 0
0.999826 1
0.999691 1
0.99979 1
0.112359 0
0.9991 1
0.991743 1
0.999679 1
0.567532 0
0.998891 1
0.999344 1
0.999009 1
0.999448 1
0 1
0.934605 0
0.999559 1
0.9934 1
0.999712 1
0.999531 1
0.999486 1
0.999562 1
0.999669 1
0.998963 1
0.999398 1
0.998767 1
0.999788 1
0.269719 0
0.167293 0
0.999813 1
0.999813 1
0.996867 1
0.115929 0
0.352338 0
0.978512 0
0.997804 1
0.999612 1
0.99796 1
0.998329 1
0.99877 1
0.99859 1
0.999814 1
0.999819 1
0.999721 1
0.734081 1
0.981735 1
0.884968 1
0.999837 1
0.997533 1
0.99949 1
0 1
0.995337 0
0.997827 1
0.999012 1
0.261948 0
0.965196 1
0.999042 1
0.879394 1
0.999045 1
0.998556 1
0.999693 1
0.999867 1
0.999429 1
0.999595 1
0.999552 1
0.998394 1
0.999789 1
0 1
0 1
0.982645 0
0.120427 0
0.780104 0
0.535311 0
0.998392 0
0.999432 1
0.998532 1
0.95142 1
0.999686 1
0.997027 1
0.999676 1
0.99872 1
0.996566 1
0.121895 0
0.999774 1
0.999159 1
0.979513 0
0.999086 1
0.999706 1
0.99954 1
0.994697 0
0.998901 1
0.999319 1
0.998479 1
0.999628 1
0.999811 1
0.685316 0
0.997978 1
0.999412 1
0.999112 1
0 1
0 1
0 1
0 1
0 1
0.999633 1
0.999551 1
0.997164 1
0.984377 1
0.999622 1
0.980066 1
0.999648 1
0.413158 0
0.99983 1
0.999364 1
0.99911 1
0.999699 1
0.999416 1
0.992798 1
0.99969 1
0.999635 1
0.999577 1
0.799007 1
0.993831 1
0.99945 1
0.996586 1
0.999639 1
0.227549 0
0.9921 0
0.999562 1
0.997981 1
0.985343 1
0.999061 1
0.999552 1
0.999839 1
0 1
0 1
0.933421 0
0.999736 1
0.986264 1
0.989125 1
0.890506 1
0.955431 1
0.830242 1
0.999612 1
0.99922 1
0.999809 1
0.72337 1
0.986728 1
0.99975 1
0.998971 0
0.999733 1
0.127009 0
0.770598 1
0.910398 1
0.999558 1
0.999315 1
0.999541 1
0.999491 1
0.254642 0
0.692405 0
0.999615 1
0.999836 1
0.99864 1
0 1
0.970603 0
0.984854 1
0.9567 1
0.999861 1
0.110248 1
0.999739 1
0.999786 1
0.999776 1
0.99606 0
0.997503 1
0.999074 1
0.999555 1
0.999677 1
0 1
0.967231 0
0.9996 1
0.999415 1
0.999475 1
0.99965 1
0.999788 1
0.999799 1
0.999679 1
0.999047 1
0 1
0.998369 1
0.999403 1
0.998995 1
0.999635 1
0.999572 1
0.99981 1
0 1
0.947007 0
0.9997 1
0.998245 1
0.999813 1
0.999857 1
0 1
0.806507 0
0.998118 1
0.999469 1
0.996968 1
0.999391 1
0.999761 1
0.999853 1
0.999776 1
0.99989 1
0.999744 1
0.998667 1
0.997981 1
0.999258 1
0.999841 1
0.998277 1
0.997523 1
0.999633 1
0 1
0.978103 1
0.991223 1
0.999423 1
0.999395 1
0.805481 1
0.999786 1
0.999727 1
0.884709 0
0.999795 1
0.985607 1
0.99963 1
0.999379 1
0.998116 1
0.999847 1
0.99979 1
0.99987 1
0.999884 1
0.999665 1
0.999669 1
0.997464 1
0.988084 1
0.999836 1
0.99708 1
0.429561 0
0.758842 0
0.999281 1
0.999499 1
0.999313 1
0.939395 0
0.999741 1
0.999568 1
0.999841 1
0.999772 1
0.99979 1
0.999264 1
0.999364 1
0.999247 1
0.999784 1
0.979703 0
0.999753 1
0.999554 1
0.999106 1
0.999844 1
0.999504 1
0.999402 1
0.999559 1
0.988528 1
0.995412 0
0.9884 0
0.999756 1
0.990274 1
0.999181 1
0.999766 1
0.998992 1
0.999844 1
0.999525 1
0.999519 1
0.998246 1
0.999282 1
0.999371 1
0.998964 1
0.996977 1
0.998996 1
0.99832 1
0.999107 1
0.999753 1
0.999868 1
0.999835 1
0.999237 1
0.999874 1
0.998537 1
0.999519 1
0.999734 1
0.999815 1
0.999792 1
0.999586 1
0.999332 1
0.996323 1
0.999605 1
0.999801 1
0.999365 1
0.995516 1
0.117719 0
0.160751 0
0.973447 0
0.937295 1
0.998026 1
0.998175 1
0.999424 1
0.994358 1
0.99976 1
0.999633 1
0.991399 1
0.998456 1
0.999635 1
0.99982 1
0.99964 1
0.999607 1
0.117916 0
0.236167 0
0.926721 1
0.997945 1
0.99917 1
0.999839 1
0.959325 1
0.998545 1
0.999275 1
0.998735 1
0.999614 1
0.998477 1
0.996654 1
0.998006 1
0.999813 1
0.999684 1
0 1
0.999652 1
0.998758 1
0.999819 1
0.999587 1
0.793428 0
0.999803 1
0.999826 1
0.999544 1
0.999805 1
0.999472 1
0.997895 1
0.106708 0
0.993148 0
0.998371 1
0.999779 1
0.144109 0
0.999768 1
0.999803 1
0.999172 1
0.98787 0
0.992868 1
0.994795 1
0.999837 1
0.998986 1
0 1
0.144723 0
0.999499 1
0.99982 1
0.999835 1
0.997694 1
0.999744 1
0.999822 1
0.999806 1
0 1
0.997734 0
0.963528 0
0.999612 1
0.999101 1
0.99813 1
0.995215 1
0.998684 1
0.99985 1
0.999193 1
0.999813 1
0 1
0.760961 0
0.9976 1
0.99975 1
0.99982 1
0.999892 1
0.99926 1
0.998499 1
0 1
0 1
0.99964 1
0.999878 1
0 1
0.133012 0
0.95403 0
0.999803 1
0.999783 1
0.999695 1
0.999486 1
0.989477 1
0.99531 1
0.999683 1
0.999774 1
0.997024 1
0.999734 1
0.999705 1
0.999795 1
0.999055 1
0.999269 1
0.999829 1
0.999755 1
0.41758 0
0.738817 0
0.99966 1
0.998027 1
0.991637 1
0.656078 1
0.74036 1
0.999666 1
0.998981 1
0.999795 1
0.999726 1
0.99956 1
0.999671 1
0 1
0.999056 0
0.529319 0
0.974258 0
0.679917 0
0.98844 1
0.998428 1
0.999269 1
0.999898 1
0.940519 1
0.999402 1
0.999676 1
0.999837 1
0.99984 1
0.999599 1
0.895027 0
0.999684 1
0.999283 1
0.999647 1
0.980188 1
0.999798 1
0.990045 1
0.999476 1
0.999608 1
0.970061 1
0.995103 1
0.999339 1
0.999648 1
0.999075 1
0.999329 1
0.999733 1
0.999695 1
0.999793 1
0.999619 1
0.998632 1
0.99979 1
0.999517 1
0.999701 1
0.999738 1
0.998279 1
0.179614 0
0.130903 0
0.999542 1
0.999115 1
0.99787 1
0.99943 1
0.999453 1
0.980281 1
0.999204 1
0.998862 1
0.999791 1
0.999716 1
0.999779 1
0.999681 1
0.997156 1
0.999778 1
0.999646 1
0.998342 1
0.999549 1
0.999909 1
0.999472 1
0.999705 1
0.999673 1
0.999508 1
0.999819 1
0.139928 0
0.999284 1
0.99936 1
0.999273 1
0.999434 1
0.999094 1
0.999751 1
0.999598 1
0.999632 1
0.963287 1
0.996983 1
0.999746 1
0.999533 1
0.999612 1
0.999511 1
0.999135 1
0.99966 1
0.999728 1
0.999844 1
0.999741 1
0.961941 0
0.927536 1
0.998941 1
0.991362 1
0.947313 1
0.998369 1
0.981225 1
0.879128 1
0.265159 0
0.999806 1
0.998956 1
0.967292 1
0.999804 1
0.999526 1
0.999846 1
0.129417 0
0.999775 1
0.999858 1
0.124033 1
0.999408 1
0.998365 1
0.997561 1
0.938091 0
0.999747 1
0.998883 1
0.996832 1
0.999403 1
0.999626 1
0.984814 0
0.925247 0
0.214562 0
0.999835 1
0.994442 1
0.507576 0
0.999558 1
0.999167 1
0.999552 1
0.999546 1
0.999368 1
0.999602 1
0.999638 1
0.999745 1
0.988331 1
0.999673 1
0 1
0.999781 1
0.997305 1
0.999615 1
0.988527 1
0.998735 1
0 1
0 1
0 1
0.999805 1
0.137703 0
0.999838 1
0.983449 1
0.999529 1
0.999491 1
0 1
0.999419 1
0 1
0 1
0.998961 0
0.395265 0
0.993416 0
0.998394 1
0.998803 1
0.997523 1
0.999838 1
0.999838 1
0.999594 1
0.15009 0
0.998294 1
0.999619 1
0.999452 1
0.988821 1
0.999639 1
0.999152 1
0.99968 1
0.999648 1
0.999693 1
0.999702 1
0.998857 1
0.999335 1
0.994199 1
0.997759 1
0.999394 1
0.999407 1
0.993216 1
0.999079 1
0.995856 1
0.999734 1
0.999783 1
0.997878 1
0.998197 1
0.999736 1
0.988945 1
0.999343 1
0.207795 0
0.999848 1
0.999351 1
0 1
0.279882 0
0.999066 0
0.998856 1
0.999542 1
0.999648 1
0.998433 1
0.996672 1
0.992198 1
0.999439 1
0 1
0.395353 0
0.999447 1
0.999295 1
0.99982 1
0.999405 1
0.999569 1
0.999235 1
0.999645 1
0.999719 1
0.998723 1
0.999118 1
0.999852 1
0.99918 1
0.995998 1
0.999757 1
0 1
0.904426 0
0.997349 1
0.999479 1
0.999778 1
0.999198 1
0.222222 0
0.999757 1
0.999424 1
0.999006 1
0.999511 1
0.996567 1
0.999292 1
0 1
0 1
0.989759 0
0.995768 0
0.999713 1
0.99826 1
0.996073 1
0.99897 1
0.999811 1
0.999829 1
0 1
0 1
0 1
0.996759 0
0.893151 1
0.999646 1
0.999495 1
0.999786 1
0.999662 1
0.999902 1
0.999085 1
0.999698 1
0.999638 1
0.999818 1
0.996587 1
0.999105 1
0.999613 1
0.226333 0
0.999719 1
0.999543 1
0.999582 1
0.999553 1
0.999659 1
0.999779 1
0 1
0 1
0.9997 1
0.999534 1
0.99979 1
0.998262 1
0.999679 1
0.940542 0
0.999612 1
0.999813 1
0.999706 1
0.999533 1
0.255431 0
0.999631 1
0.999186 1
0.998078 1
0.991723 1
0.999092 1
0.999788 1
0.999788 1
0.999031 1
0.999011 1
0.999171 1
0.820947 0
0.999691 1
0.998685 1
0.999609 1
0.999362 1
0.998833 1
0.999729 1
0.999378 1
0.999571 1
0.999644 1
0.999759 1
0.99969 1
0.998828 1
0.999773 1
0.143841 0
0.999408 1
0.216275 0
0.999827 1
0.999856 1
0 1
0 1
0.997875 0
0.137066 0
0.998942 1
0.999123 1
0.999742 1
0.99943 1
0.999489 1
0.999672 1
0.999815 1
0.999579 1
0.999863 1
0.999812 1
0 1
0.282296 0
0.986046 0
0.122606 0
0.999563 1
0.999671 1
0.978233 1
0.998182 1
0.996589 1
0.997914 1
0.999877 1
0.167239 0
0.963738 1
0.98962 1
0.999604 1
0.983556 1
0.999131 1
0.999609 1
0.999815 1
0.999827 1
0.999842 1
0.999877 1
0.99945 1
0.985259 1
0.847739 1
0.999467 1
0.995789 1
0.997544 1
0.99968 1
0.99905 1
0.998793 1
0.999401 1
0 1
0.993931 0
0.998259 1
0.999759 1
0.989518 1
0.999684 1
0.886472 0
0.999527 1
0.997388 1
0.998579 1
0.999216 1
0.999491 1
0.996496 1
0.999811 1
0.999149 1
0.998973 1
0.999839 1
0.999844 1
0.999825 1
0.953288 1
0.999847 1
0.999427 1
0.998835 1
0.999709 1
0.999696 1
0.999871 1
0 1
0.999832 1
0.326796 0
0.999655 1
0.999837 1
0.999536 1
0.999874 1
0.99902 1
0.999676 1
0.999389 1
0.999779 1
0.999795 1
0.224713 0
0.22181 0
0.998491 1
0.999342 1
0.997751 1
0.793005 1
0.994071 1
0.983999 1
0.986602 1
0.998442 1
0.999887 1
0.999857 1
0.999398 1
0.999759 1
0.999403 1
0.999733 1
0.999745 1
0.998544 1
0.999726 1
0.99968 1
0.99987 1
0.998669 1
0.16762 0
0.813471 0
0.366338 0
0.999293 1
0.999695 1
0.998748 1
0.999659 1
0.999521 1
0.999626 1
0.99603 1
0.999726 1
0.999761 1
0.998778 1
0.999548 1
0.965941 0
0.998372 1
0.997349 1
0.999317 1
0.999375 1
0.999281 1
0.999184 1
0.999168 1
0.995058 1
0.930435 0
0.620599 0
0.145044 0
0.448695 0
0.998355 1
0.999799 1
0.999702 1
0.999598 1
0.99976 1
0.999813 1
0.99894 1
0.15156 0
0.998979 1
0.999659 1
0.99925 1
0.998949 1
0.999634 1
0.999016 1
0.999828 1
0.995454 1
0.999435 1
0.999562 1
0.999823 1
0.99963 1
0.999736 1
0.999772 1
0.999734 1
0.999717 1
0.999828 1
0.992086 1
0.999531 1
0.999872 1
0 1
0.637252 0
0.999743 1
0.999843 1
0.999794 1
0.999181 1
0.275093 0
0.999647 1
0.999457 1
0.991636 1
0.998043 1
0.999584 1
0.990097 1
0.999614 1
0.473767 0
0.999233 1
0.99943 1
0.989633 1
0.877196 1
0.996549 1
0.988266 1
0.999093 1
0.999596 1
0.419133 0
0.999657 1
0.990213 1
0.999774 1
0.998507 1
0.981599 1
0.996451 1
0.998209 1
0.954651 1
0.267827 1
0.991108 1
0.999645 1
0.996366 1
0.868814 1
0.989874 1
0.999591 1
0.996134 1
0.999699 1
0.999847 1
0.999632 1
0.99953 1
0.999728 1
0.99693 1
0.999631 1
0.998665 1
0.994719 1
0.995388 1
0.99961 1
0.999673 1
0.999348 1
0.999652 1
0.999677 1
0.999547 1
0.999753 1
0.999813 1
0.999877 1
0.99974 1
0.999823 1
0.999539 1
0.981368 1
0.999561 1
0.999342 1
0.998343 1
0.694779 1
0.998656 1
0.999496 1
0.997309 1
0.999583 1
0.958418 1
0.999083 1
0.997865 1
0.322053 0
0.99174 1
0.99892 1
0.99958 1
0.99962 1
0.964478 1
0.999035 1
0.999598 1
0.999635 1
0.999616 1
0.13078 0
0.999201 1
0.99929 1
0.999739 1
0.998936 1
0.685322 0
0.999472 1
0 1
0.994756 0
0.999848 1
0 1
0.873841 0
0.999747 1
0.11034 0
0.187261 0
0.247805 0
0.999637 1
0.98852 1
0.831244 0
0.999661 1
0.999481 1
0.999775 1
0.999616 1
0.999631 1
0.999654 1
0 1
0.97992 0
0.999605 1
0.997442 1
0.999462 1
0.998133 1
0.997595 1
0.99784 1
0.999562 1
0.99974 1
0.998637 1
0.99943 1
0 1
0.253858 0
0.227399 0
0.991351 1
0.9994 1
0.999409 1
0.994311 1
0.997868 1
0.999753 1
0.999779 1
0.997736 1
0.999656 1
0.999463 1
0.928381 0
0.999793 1
0.99965 1
0.999629 1
0.947112 1
0.992718 1
0.999864 1
0.999854 1
0.999772 1
0.999869 1
0.999561 1
0.999467 1
0.999806 1
0.999212 1
0.999636 1
0.94159 0
0.99632 1
0.999752 1
0.999556 1
0.693032 0
0.999761 1
0.403398 0
0.648002 0
0.991241 0
0.983845 1
0.999415 1
0.998451 1
0.996641 1
0.999757 1
0.981806 1
0.99973 1
0.999524 1
0.999875 1
0.999431 1
0 1
0 1
0 1
0.982999 0
0.537283 0
0.995286 0
0.845921 0
0.998947 1
0.999581 1
0.783692 1
0.998994 1
0.99915 1
0.999501 1
0.999779 1
0.999295 1
0.998868 1
0.999654 1
0.999844 1
0.992458 1
0.999546 1
0.997052 1
0.992892 1
0.173288 0
0.999774 1
0.999632 1
0.999565 1
0.999509 1
0.638945 0
0.999595 1
0.991813 1
0.999882 1
0.999671 1
0.955724 0
0.999393 1
0.999572 1
0.999789 1
0.998755 1
0.999723 1
0 1
0 1
0.997532 0
0.999772 1
0.998464 1
0.998687 1
0.995669 1
0.999869 1
0.999628 1
0.874318 0
0.252397 0
0.174402 0
0.999506 1
0.999545 1
0.899916 0
0.999307 1
0.999478 1
0.999783 1
0.997133 1
0.997545 1
0.991926 1
0.99973 1
0.999847 1
0.999008 1
0.998997 1
0.999845 1
0.999707 1
0.999508 1
0.187642 0
0.993387 1
0.99221 1
0.999183 1
0.999804 1
0.999512 1
0.999708 1
0.989804 0
0.999772 1
0.851154 0
0.245717 0
0.996367 1
0.999757 1
0.999758 1
0.999778 1
0.999682 1
0.999845 1
0.999796 1
0.999857 1
0.998998 1
0.999839 1
0.999757 1
0.998555 1
0.999643 1
0.998929 1
0.998664 1
0.999656 1
0.999711 1
0.999874 1
0.798676 0
0.999493 1
0.999176 1
0.999546 1
0.986235 1
0.99974 1
0.998707 1
0.999686 1
0.996912 1
0.999767 1
0.9997 1
0.99977 1
0.994545 0
0.999595 1
0.999557 1
0.99821 1
0.999402 1
0.996469 1
0.999543 1
0.998971 1
0.998754 1
0.997777 1
0.984892 1
0.999729 1
0.999791 1
0.999763 1
0.999344 1
0.999362 1
0.991731 1
0.994878 1
0.834901 0
0.999825 1
0.999892 1
0.999518 1
0.999681 1
0.999674 1
0.999769 1
0.999885 1
0.999687 1
0.999019 1
0.99974 1
0.999828 1
0.150099 0
0.999624 1
0.999876 1
0.999043 1
0.999667 1
0.999872 1
0 1
0.96414 1
0.999741 1
0.99989 1
0.999826 1
0.135176 0
0.999761 1
0.99932 1
0.999615 1
0.999607 1
0.999918 1
0.999891 1
0.999747 1
0.99923 1
0.999816 1
0.999809 1
0.997553 1
0.996191 1
0 1
0.992311 1
0.998254 1
0.99985 1
0.999364 1
0.997983 1
0.99776 1
0.998744 1
0.99947 1
0.944025 1
0.999793 1
0.999867 1
0.999783 1
0.999423 1
0.999467 1
0.999547 1
0.997945 1
0.998928 1
0.999653 1
0.999628 1
0.999694 1
0.999487 1
0.999722 1
0.999573 1
0.999712 1
0.99965 1
0.111783 0
0.746117 0
0.35434 0
0.462155 0
0.99787 1
0.999719 1
0.999079 1
0.999848 1
0.999671 1
0.999524 1
0.999845 1
0 1
0 1
0.483259 1
0.999012 1
0.813144 1
0.956393 1
0.841167 1
0.970432 1
0.990285 1
0.967612 1
0 1
0 1
0 1
0 1
0 1
0 1
0 1
0 1
0.1647 0
0.796877 0
0.475256 0
0.975 1
0.732276 1
0.990869 1
0.909293 1
0.888838 1
0.999131 1
0.985883 1
0.994813 1
0.945793 1
0.575718 1
0.992743 1
0.994402 1
0.980513 1
0.871738 1
0.99926 1
0.999411 1
0.999826 1
0.999644 1
0 1
0 1
0.472928 0
0.999578 1
0.999856 1
0.890004 0
0.999074 1
0.999854 1
0 1
0.930792 0
0.999806 1
0.999713 1
0.996403 1
0.99933 1
0.999208 1
0.999834 1
0.999764 1
0.999751 1
0.999561 1
0.998072 1
0.567921 0
0.999731 1
0.999726 1
0.997973 1
0.999708 1
0.999848 1
0.999768 1
0.969296 0
0.999785 1
0.999645 1
0.999889 1
0.999743 1
0.999702 1
0.996287 1
0.999388 1
0.999819 1
0.999879 1
0.999731 1
0.999511 1
0.999819 1
0.999717 1
0 1
0 1
0.698466 1
0.999715 1
0.999518 1
0.999246 1
0.999223 1
0.127396 0
0.999759 1
0.999741 1
0.999225 1
0.999632 1
0 1
0 1
0.992873 1
0.999201 1
0.999786 1
0.999523 1
0.999433 1
0 1
0.999814 1
0 1
0 1
0.988016 0
0.625519 0
0.964207 1
0.999663 1
0.997297 1
0.9007 0
0.999858 1
0.999657 1
0.447724 0
0.999532 1
0.996682 1
0.999661 1
0.999538 1
0.999701 1
0.999922 1
0 1
0.994645 1
0.987123 1
0.995001 1
0.86337 1
0.998852 1
0.999861 1
0.935489 0
0.999848 1
0.99326 1
0.999546 1
0.999859 1
0.999531 1
0.969556 0
0.999844 1
0.957324 0
0.75147 0
0.208314 0
0.999617 1
0.999659 1
0.992303 1
0.998179 1
0.997542 1
0.998211 1
0.973571 1
0.999644 1
0.999526 1
0.99777 1
0.999864 1
0.999779 1
0.999752 1
0.855762 0
0.999616 1
0.999541 1
0.999852 1
0.797543 0
0.999072 1
0.999355 1
0.99964 1
0.954026 1
0.966181 1
0.999812 1
0.939868 0
0.86338 0
0.998232 1
0.975397 1
0.999143 1
0.999015 1
0.947592 1
0.999001 1
0.934405 0
0.998126 1
0.999307 1
0.99923 1
0.999681 1
0.999756 1
0.712078 0
0.919179 0
0.999862 1
0.999535 1
0.9994 1
0.999283 1
0.999271 1
0.999837 1
0.999635 1
0.999842 1
0.999863 1
0.999633 1
0.999804 1
0.998246 1
0.999799 1
0.99983 1
0.999337 1
0.999652 1
0.99978 1
0.573726 0
0.2922 0
0.111522 0
0.999229 1
0.99951 1
0.993344 1
0.998224 1
0.999414 1
0.999713 1
0.999673 1
0.999438 1
0 1
0.982361 0
0.180031 0
0.999539 1
0.999487 1
0.998172 1
0.998314 1
0.999799 1
0.962699 1
0.998971 1
0.99934 1
0.996216 1
0.999513 1
0.99882 1
0.999686 1
0.999833 1
0.999869 1
0.999614 1
0.988247 0
0.291291 0
0.999752 1
0.999842 1
0.999675 1
0.999765 1
0.999702 1
0.999809 1
0.9997 1
0.999851 1
0.999603 1
0 1
0.289758 0
0.855833 0
0.999334 1
0.999638 1
0.999858 1
0.999297 1
0.241702 0
0.999311 1
0.999563 1
0.997764 1
0.999734 1
0.998073 1
0.999814 1
0.999786 1
0.999558 1
0.999245 1
0.999298 1
0 1
0.427892 0
0.965791 0
0.999862 1
0.998685 1
0.999734 1
0.989055 1
0.999272 1
0.955049 0
0.617451 0
0.999644 1
0.996902 1
0.999848 1
0.325937 0
0.999508 1
0.999631 1
0.267872 0
0.998588 1
0.999866 1
0.999469 1
0.999501 1
0.999524 1
0.999726 1
0.999827 1
0.999494 1
0.999596 1
0.999276 1
0.999607 1
0.999784 1
0.997507 1
0.13478 0
0.999695 1
0.999939 1
0.114421 0
0.422958 0
0.999596 1
0.99819 1
0.998771 1
0.99968 1
0.999823 1
0.999885 1
0.999062 1
0.999453 1
0.999138 1
0.998292 1
0.999782 1
0.77327 1
0.999668 1
0.999558 1
0.671879 0
0.999801 1
0.998948 1
0.999619 1
0.999865 1
0.99976 1
0.999891 1
0.236622 0
0.382121 0
0.171292 0
0.99728 1
0.999861 1
0.911289 0
0.999562 1
0.999744 1
0.993302 1
0.999642 1
0.98293 1
0.999746 1
0.999665 1
0.999628 1
0.313986 0
0.991953 1
0.998646 1
0.998177 1
0.99977 1
0.999668 1
0.99933 1
0.99613 1
0.998283 1
0 1
0.115475 0
0.111865 0
0.915692 0
0.766053 0
0.971013 0
0.119916 0
0.25541 0
0.998909 1
0.984061 1
0.999132 1
0.998316 1
0.999395 1
0.999761 1
0.999677 1
0.999822 1
0.998994 1
0.999865 1
0.999863 1
0.999857 1
0.999663 1
0.998253 1
0.999737 1
0.999726 1
0.157988 0
0.999666 1
0.969726 1
0.999169 1
0.999784 1
0.999797 1
0.235075 0
0.999828 1
0.999728 1
0.999816 1
0.101543 0
0.99249 1
0.99944 1
0 1
0.889396 1
0.999721 1
0 1
0 1
0.985675 0
0.340513 0
0.195754 1
0.999757 1
0.970683 1
0.99992 1
0.999815 1
0.946277 0
0.999809 1
0.9987 1
0.999791 1
0.172597 0
0.115102 0
0.999813 1
0.998787 1
0.995587 1
0.999511 1
0.967646 1
0.999393 1
0.998885 1
0.998925 1
0.999665 1
0.999372 1
0.999425 1
0.999614 1
0.998859 1
0 1
0.998323 0
0.191905 0
0.995663 1
0.997376 1
0.996444 1
0.997824 1
0 1
0.999667 1
0.999829 1
0.993772 1
0.999497 1
0.996046 1
0.993754 1
0.997785 1
0.999749 1
0.999705 1
0.999705 1
0.999229 1
0.999848 1
0.999273 1
0.999532 1
0.999631 1
0.532777 0
0.999344 1
0.999425 1
0.999672 1
0.99939 1
0.999527 1
0.999568 1
0.335094 0
0.999368 1
0.995293 1
0.999772 1
0.997664 1
0.999175 1
0.999319 1
0.998707 1
0.999537 1
0.999601 1
0.99979 1
0.999764 1
0.205226 0
0.999802 1
0.999441 1
0.999708 1
0 1
0.982183 0
0.963158 0
0.996623 1
0.999611 1
0.999616 1
0.99975 1
0.999676 1
0.397656 0
0.322927 0
0.63877 0
0.135348 0
0.99242 1
0.924816 1
0.998736 1
0.999867 1
0.999859 1
0.999592 1
0.98282 0
0.999786 1
0.999739 1
0 1
0.989329 0
0.996928 1
0.999729 1
0.999188 1
0.999863 1
0.997235 1
0.999446 1
0.999653 1
0.999242 1
0.999791 1
0.194048 0
0.999283 1
0.994171 1
0.998233 1
0.999619 1
0.999534 1
0.998216 1
0.724983 1
0.999789 1
0.999867 1
0.993961 0
0.996865 0
0.999025 1
0.998516 1
0.129039 0
0.996116 1
0.999577 1
0.992267 1
0.807796 1
0 1
0.938775 0
0.999461 1
0.99971 1
0.999281 1
0.999773 1
0.999252 1
0.999661 1
0 1
0 1
0.999476 1
0.996021 1
0.953897 1
0.622023 1
0.980935 1
0.999743 1
0.999109 1
0.996842 1
0.999858 1
0 1
0.982084 0
0.99944 1
0.97412 1
0.998198 1
0.999322 1
0 1
0.992634 0
0.549866 0
0.995833 0
0.996243 1
0.999542 1
0.999907 1
0.999652 1
0.999448 1
0.999335 1
0.999808 1
0.998708 1
0.999309 1
0.874154 0
0.995451 1
0.998984 1
0.999674 1
0.353945 0
0.999725 1
0.99976 1
0.995462 1
0.998455 1
0.998698 1
0.99977 1
0.999238 1
0.999792 1
0.999837 1
0.999759 1
0.998967 1
0.999632 1
0.999816 1
0.999392 1
0.990779 1
0.994982 1
0.999796 1
0.998459 1
0 1
0.976523 0
0.999764 1
0.999155 1
0.994359 1
0.99982 1
0.999802 1
0.999536 1
0.999886 1
0.999563 1
0.99977 1
0.999459 1
0.99968 1
0.999808 1
0.114251 0
0.99966 1
0.999769 1
0.999667 1
0.999137 1
0.999632 1
0.999192 1
0.999648 1
0.999808 1
0.999752 1
0.999768 1
0.999476 1
0.99895 1
0.193942 0
0.999613 1
0.999633 1
0.958416 0
0.736223 0
0.999789 1
0.919487 1
0.999674 1
0.9998 1
0.999865 1
0.999802 1
0.999509 1
0.981656 1
0.998433 1
0.998819 1
0.987159 1
0.999692 1
0.999717 1
0.999708 1
0.999741 1
0.999868 1
0.99759 1
0.987262 1
0.972916 1
0.999599 1
0.998183 1
0.999327 1
0.999572 1
0.37285 0
0.999873 1
0.999858 1
0.999601 1
0.999687 1
0.990434 1
0.99922 1
0.999605 1
0.999714 1
0.99978 1
0.999435 1
0 1
0.932983 0
0.999805 1
0.999916 1
0.579419 0
0.999837 1
0.999258 1
0.999868 1
0.999795 1
0.999752 1
0.999875 1
0.999751 1
0.176469 0
0.142991 0
0.999585 1
0.999355 1
0.999763 1
0.998657 1
0.999882 1
0.999154 1
0.999717 1
0.999815 1
0.999747 1
0.999095 1
0.999868 1
0.998926 1
0.999792 1
0.999861 1
0.997672 1
0.998928 1
0.999457 1
0.999468 1
0.999711 1
0.999724 1
0.999741 1
0.999895 1
0.999608 1
0.998461 1
0.999394 1
0.999592 1
0 1
0.991481 0
0.999592 1
0.999335 1
0.904855 0
0.998764 1
0.99962 1
0 1
0.999817 1
0.999759 1
0.999739 1
0.99974 1
0.9998 1
0.994086 1
0.998317 1
0.99976 1
0.998926 1
0.999453 1
0.999835 1
0.999384 1
0.999028 1
0.997202 1
0.999451 1
0.999768 1
0.925583 0
0.998903 1
0.99916 1
0.999493 1
0 1
0.936612 0
0.999814 1
0 1
0.124082 0
0.317359 0
0.9977 1
0.997707 1
0.99895 1
0.999713 1
0.853979 0
0.953717 0
0.1073 0
0.776077 0
0.334692 0
0.867776 0
0.991905 1
0.997861 1
0.999163 1
0.99877 1
0.999774 1
0.999853 1
0.999658 1
0.999741 1
0.999817 1
0.995861 1
0.999155 1
0.999696 1
0.99921 1
0.999848 1
0.999803 1
0.999681 1
0.999497 1
0.999127 1
0.999635 1
0.999785 1
0.999081 1
0.993988 1
0 1
0.94773 0
0.990258 0
0.998813 1
0.999108 1
0.999756 1
0.999232 1
0.99978 1
0.998199 1
0 1
0.998771 0
0.999657 1
0.999618 1
0.999489 1
0.974136 0
0.999765 1
0.999484 1
0.994148 1
0.999675 1
0.999707 1
0.99972 1
0 1
0 1
0 1
0.999636 1
0.998766 1
0.996664 1
0.880657 0
0.999625 1
0.97566 1
0.994304 1
0.999815 1
0.998593 1
0.999418 1
0 1
0 1
0 1
0 1
0.472746 0
0.978714 0
0.997465 0
0.653534 0
0.809428 0
0.267108 0
0.995239 1
0.993506 1
0.94189 1
0.996108 1
0.996842 1
0.950516 1
0.999177 1
0.998775 1
0.931506 1
0.983272 1
0.996519 1
0.997086 1
0.97677 1
0.985614 1
0.987414 1
0.97225 1
0.989753 1
0.998308 1
0.551078 1
0.998584 1
0.999718 1
0.997571 1
0.945045 1
0.999887 1
0.999727 1
0.978871 1
0 1
0.253394 0
0.999446 1
0.999766 1
0.999806 1
0 1
0.171327 0
0.994083 1
0.999841 1
0.999734 1
0.998302 1
0.107497 0
0.771414 0
0.949473 0
0.999823 1
0.9995 1
0.999753 1
0.999751 1
0.999242 1
0.999698 1
0.999486 1
0.999471 1
0.997516 1
0.997537 1
0.999862 1
0.995017 1
0.999668 1
0.990185 0
0.999616 1
0.999301 1
0.99957 1
0 1
0.998275 1
0.999337 1
0.998184 1
0.999806 1
0.999836 1
0.9989 1
0.39294 0
0.999541 1
0.999825 1
0.999854 1
0.999838 1
0.999847 1
0.998419 1
0.221447 0
0.998051 1
0.999498 1
0.962884 1
0.99983 1
0.996513 1
0.999778 1
0.999746 1
0.999575 1
0.999738 1
0.999834 1
0.998263 1
0.496083 0
0.999825 1
0.999917 1
0.999803 1
0.999798 1
0.999526 1
0.999628 1
0.997535 1
0.999024 1
0.487282 0
0.999807 1
0.999627 1
0.998474 1
0.999459 1
0.999454 1
0.999649 1
0.99976 1
0.999385 1
0.160449 0
0.999734 1
0.999619 1
0.999828 1
0.999361 1
0.999337 1
0.99966 1
0.99983 1
0.999854 1
0.428482 0
0.999863 1
0 1
0 1
0.9995 1
0 1
0.999735 1
0.998876 1
0.999439 1
0.99899 1
0.999859 1
0.999592 1
0.99963 1
0.999452 1
0.999786 1
0.999587 1
0.99982 1
0.999643 1
0.999688 1
0.999694 1
0.997946 0
0.999825 1
0.999526 1
0.999521 1
0.999094 1
0.993823 0
0.522785 0
0.999839 1
0.999759 1
0.99486 1
0.990795 1
0.999687 1
0.999299 1
0.999741 1
0.999912 1
0.999733 1
0.999693 1
0.107601 0
0.994632 1
0.999665 1
0.999784 1
0.999504 1
0.999706 1
0.999805 1
0.999666 1
0 1
0.770495 0
0.999013 1
0.999519 1
0.99975 1
0.999907 1
0.999795 1
0 1
0.178456 0
0.801044 0
0.297461 0
0.998888 1
0.999421 1
0.999854 1
0.999509 1
0.993275 0
0.999625 1
0.999045 1
0 1
0 1
0.995922 0
0.996723 0
0.290262 0
0.999416 1
0.994174 1
0.999029 1
0.994619 1
0.99966 1
0.999593 1
0.999758 1
0.99977 1
0.99955 1
0.132944 0
0.999653 1
0.999087 1
0.997513 1
0.999253 1
0.788921 0
0.999804 1
0.999798 1
0.999252 1
0.329719 0
0.999691 1
0.999654 1
0.998279 1
0.994424 1
0.999528 1
0.999436 1
0.99933 1
0.998317 1
0.999875 1
0 1
0.999692 1
0.967972 1
0.997722 1
0.998418 1
0.997968 1
0.970437 1
0.999059 1
0.999353 1
0.99936 1
0.999372 1
0.999483 1
0.998902 1
0.999795 1
0.505597 0
0.95735 0
0.887358 0
0.999206 1
0.999162 1
0.999672 1
0.998015 1
0.999049 1
0.979353 1
0.185042 0
0.472729 0
0.999881 1
0.949109 0
0.826006 0
0.998146 1
0.999754 1
0.99974 1
0.999546 1
0.998201 1
0.999704 1
0.999193 1
0.998313 1
0.99979 1
0.999819 1
0.99946 1
0 1
0.999924 1
0.999776 1
0.999497 1
0.252372 0
0.999428 1
0.995989 1
0.999854 1
0.103539 0
0.267343 0
0.999714 1
0.977847 1
0.998912 1
0.999869 1
0 1
0.421901 0
0.999183 1
0.999756 1
0.999555 1
0.992245 0
0.965678 1
0.999567 1
0.998405 1
0.999755 1
0.999722 1
0.999677 1
0.999693 1
0 1
0.967198 0
0.999741 1
0.999266 1
0.111058 0
0.992691 1
0.998683 1
0.956387 1
0.997387 1
0.999607 1
0.995113 1
0.999517 1
0.999839 1
0.999864 1
0.999757 1
0.999533 1
0.999799 1
0.99699 1
0.739655 0
0.968783 0
0.983054 0
0.999704 1
0.999455 1
0.998192 1
0.994395 1
0.999835 1
0.782103 0
0.67167 0
0.999739 1
0.999833 1
0.441513 0
0.16249 0
0.999693 1
0.999694 1
0 1
0 1
0.101414 0
0.998272 1
0.999488 1
0.99954 1
0.873841 1
0.999747 1
0.999827 1
0.998646 1
0.999759 1
0.978262 0
0.999698 1
0.989668 1
0.999756 1
0.999477 1
0.999817 1
0 1
0.999103 1
0.168644 0
0.997695 1
0.998969 1
0.99948 1
0.152809 0
0.999832 1
0.999315 1
0.999782 1
0.999112 1
0.999359 1
0.998879 1
0.980465 0
0.998686 1
0.998865 1
0.995278 1
0.999465 1
0.999714 1
0.999814 1
0 1
0 1
0.523721 0
0.150336 0
0.994191 1
0.989197 1
0.992058 1
0.999633 1
0.988296 1
0.873608 1
0.991822 1
0.999654 1
0.999831 1
0.999748 1
0.999651 1
0.999469 1
0 1
0 1
0 1
0 1
0 1
0 1
0.781045 0
0.980519 0
0.965479 1
0.997906 1
0.999515 1
0.991771 1
0.341456 1
0.99454 1
0.999647 1
0.982913 0
0.999764 1
0.9998 1
0.999925 1
0.9886 1
0.999646 1
0.999553 1
0.999611 1
0.99765 1
0.999706 1
0.999758 1
0.999781 1
0.999838 1
0.999812 1
0 1
0 1
0 1
0.993115 0
0.117587 0
0.968344 1
0.99951 1
0.862018 1
0.999808 1
0.989977 1
0.998873 1
0.999775 1
0.998354 1
0.9991 1
0.999898 1
0.235998 0
0.999598 1
0.99272 1
0.997175 1
0.999765 1
0.999596 1
0.999287 1
0.99981 1
0.99965 1
0.999638 1
0.999794 1
0.998893 1
0.997319 1
0.999776 1
0.999276 1
0.998931 1
0 1
0 1
0.999615 1
0.999401 1
0.999854 1
0.999602 1
0.999827 1
0.99975 1
0.999229 1
0.999663 1
0.999771 1
0.999843 1
0.99984 1
0.989843 0
0.999775 1
0.999676 1
0.99971 1
0.999663 1
0.999659 1
0.999741 1
0.999374 1
0.993067 1
0.999571 1
0.999711 1
0 1
0.999523 1
0.999647 1
0.373499 0
0.999753 1
0.999645 1
0.999332 1
0.997179 1
0.999844 1
0.999812 1
0.999762 1
0.99972 1
0.181606 0
0.999707 1
0.901718 1
0.998508 1
0.9997 1
0.295942 0
0.998838 1
0.999723 1
0.976604 0
0.999059 1
0.999207 1
0.999399 1
0.999869 1
0.999028 1
0.999838 1
0.999734 1
0.999515 1
0.999697 1
0.999711 1
0.939465 0
0.185013 0
0.999446 1
0.999791 1
0.999879 1
0.999679 1
0.999523 1
0.475663 0
0.991103 0
0.999719 1
0.723921 0
0.988232 1
0.999628 1
0.999652 1
0.204766 0
0.999445 1
0.999542 1
0.979267 1
0.999776 1
0.481791 0
0.999753 1
0.999531 1
0.999031 1
0.999723 1
0.99956 1
0.483857 0
0.438253 0
0.218754 0
0.321656 0
0.999446 1
0.999345 1
0.995027 1
0.881611 0
0.99752 1
0.996178 1
0.995266 1
0.999551 1
0.998629 1
0.997348 1
0.995657 1
0.990214 1
0.995441 1
0.998358 1
0.998854 1
0.996491 1
0.999482 1
0.999716 1
0.99886 1
0.999788 1
0 1
0.735012 0
0.999435 1
0.999659 1
0.999533 1
0.999602 1
0.999822 1
0.99984 1
0.999721 1
0.999621 1
0.998749 1
0.999602 1
0.999124 1
0.9998 1
0.999708 1
0.999233 1
0.999712 1
0 1
0.996344 0
0.999517 1
0 1
0.991243 0
0.999351 1
0.990374 1
0.999893 1
0.999479 1
0.999883 1
0.999837 1
0.999885 1
0.999744 1
0.377786 0
0.999648 1
0.486129 0
0.999806 1
0.209807 0
0.889736 0
0.978941 1
0.997553 1
0.999854 1
0.986535 1
0.999663 1
0.999565 1
0.999723 1
0.999801 1
0.999107 1
0.999815 1
0.101903 0
0.999123 1
0.997332 1
0.999623 1
0.321281 1
0.999736 1
0.99931 1
0.994553 1
0.999346 1
0.999392 1
0.999594 1
0.999377 1
0.999568 1
0.999564 1
0.999838 1
0.999869 1
0.999561 1
0.132884 0
0.999814 1
0.999245 1
0.999701 1
0.999327 1
0.999702 1
0.999697 1
0.798222 0
0.988622 0
0.999625 1
0.999608 1
0.99984 1
0.999744 1
0.999501 1
0.998216 1
0.999755 1
0.999853 1
0 1
0.999824 1
0.998074 1
0.997748 1
0.99762 1
0.997872 1
0.999445 1
0.998514 1
0.97768 1
0.998766 1
0.997416 1
0.999766 1
0.995308 1
0.999563 1
0 1
0.998406 0
0.99718 1
0.998655 1
0.997613 1
0.996424 1
0.995042 1
0.999776 1
0.99954 1
0.997801 1
0 1
0 1
0.895026 0
0.999517 1
0.99859 1
0 1
0 1
0.542018 0
0.272911 0
0.945069 1
0.995901 1
0.993267 1
0.999691 1
0.997423 1
0.998062 1
0.999276 1
0.999468 1
0.99938 1
0.999789 1
0.112524 0
0.192959 0
0.999274 1
0.999309 1
0.999844 1
0.999577 1
0.202505 0
0.999848 1
0.99836 1
0.999818 1
0.999442 1
0.998964 1
0.999436 1
0.999822 1
0.999803 1
0.99899 1
0.999385 1
0.999565 1
0.998365 1
0.998198 1
0.999305 1
0.999248 1
0.996989 0
0.999679 1
0.999698 1
0.999873 1
0.941168 0
0.992762 0
0.999608 1
0.999021 1
0.999896 1
0.99984 1
0.999874 1
0.999838 1
0.999744 1
0.628265 0
0.989899 1
0.994012 1
0.977332 1
0.999814 1
0.99836 1
0.999339 1
0.999673 1
0.999703 1
0.999694 1
0.99953 1
0.84565 0
0.999851 1
0.999718 1
0.99983 1
0.999716 1
0.998425 1
0.999546 1
0.999618 1
0.508559 0
0.999773 1
0.999784 1
0.999611 1
0 1
0 1
0.714926 0
0.988609 0
0.199123 0
0.965822 1
0.993948 1
0.998659 1
0.999556 1
0.979055 1
0.990063 1
0.991444 1
0.28243 0
0.999843 1
0.999021 1
0.999732 1
0.999428 1
0.999818 1
0.99965 1
0.999477 1
0.999425 1
0.998146 1
0.999787 1
0.151158 0
0.999667 1
0.999541 1
0.999055 1
0.997201 1
0.999472 1
0.178639 0
0.999678 1
0.357774 0
0.353971 0
0.484384 0
0.996269 1
0.998949 1
0.978877 1
0.999088 1
0.999623 1
0.990892 1
0.99974 1
0.999527 1
0 1
0.999424 1
0.917342 0
0.999568 1
0.999711 1
0.977619 1
0.203511 1
0.999055 1
0.999772 1
0.999561 1
0.999895 1
0.999454 1
0.991007 1
0 1
0.995074 0
0.666975 0
0.968186 0
0.993134 0
0.886775 0
0.996401 1
0.996201 1
0.999792 1
0.999735 1
0.999888 1
0.856056 1
0.98203 1
0.99953 1
0.999809 1
0.999174 1
0.999188 1
0.999296 1
0.997984 1
0.998129 1
0.9989 1
0.382349 0
0.99949 1
0.999238 1
0.997572 1
0.998846 1
0.616624 0
0.999116 1
0.999674 1
0.999624 1
0.999643 1
0.99978 1
0.999323 1
0.850333 1
0.999576 1
0.996427 1
0.977389 1
0.999803 1
0.169549 0
0.999736 1
0.999836 1
0.999698 1
0.999588 1
0.999699 1
0.341849 0
0.962475 1
0.999632 1
0.999757 1
0.999615 1
0.572888 0
0.999845 1
0.999807 1
0.987953 1
0.999137 1
0.999667 1
0.999585 1
0.913995 1
0.997081 1
0.999206 1
0.999795 1
0.999836 1
0.999536 1
0.999388 1
0.999739 1
0.999541 1
0.997739 1
0.526401 0
0.93547 0
0.999014 1
0.996862 1
0.988564 1
0.999755 1
0.999546 1
0.999633 1
0.999599 1
0.979445 1
0.999712 1
0.999741 1
0.997771 0
0.999573 1
0.997702 1
0.999813 1
0.999812 1
0.995866 0
0.999402 1
0.99929 1
0.99963 1
0.999912 1
0.188945 0
0.999069 1
0.999397 1
0.926019 1
0.993841 1
0.999105 1
0.998518 1
0.999791 1
0.993098 1
0.999596 1
0.999295 1
0.113762 0
0.9974 1
0.999181 1
0.999739 1
0.516341 0
0.999291 1
0.999851 1
0.999801 1
0.99676 1
0.992046 1
0.9998 1
0.999316 1
0.999497 1
0.964215 1
0.999593 1
0.999957 1
0.999292 1
0.999698 1
0.999587 1
0.999655 1
0.99964 1
0.999583 1
0.99979 1
0.999772 1
0.999353 1
0.999907 1
0.999745 1
0.999076 1
0.121402 0
0.999699 1
0.99751 1
0.99909 1
0.999553 1
0.999798 1
0.836704 0
0.892256 0
0.998373 1
0.994695 1
0.999793 1
0.998049 1
0 1
0 1
0 1
0.144997 0
0.122004 0
0.999661 1
0.998329 1
0.998151 1
0.99909 1
0.998113 1
0.999759 1
0.998773 1
0.999838 1
0.998032 1
0.999731 1
0.999557 1
0.999863 1
0.999463 1
0.999293 1
0.999235 1
0.999784 1
0.999226 1
0.100767 0
0.999625 1
0.998801 1
0.989605 1
0.999159 1
0.998458 1
0.986758 0
0.999844 1
0.999842 1
0.999754 1
0.841718 0
0.999667 1
0.999214 1
0.999769 1
0.999484 1
0.999815 1
0 1
0 1
0 1
0.993164 0
0.949608 0
0.999012 1
0.999537 1
0.998242 1
0.991931 1
0.999455 1
0.999761 1
0.352621 0
0.999801 1
0.499206 0
0.873421 0
0.994345 1
0.997638 1
0.999762 1
0.999379 1
0.520486 0
0.912208 0
0.998959 1
0.99976 1
0.999722 1
0.99875 1
0.993654 1
0.977474 1
0.999832 1
0.998926 1
0.99945 1
0.99969 1
0.999681 1
0.999822 1
0.99985 1
0.999717 1
0.99655 1
0.999702 1
0.999491 1
0.999767 1
0.999036 1
0.999702 1
0.999799 1
0.99982 1
0.999087 1
0.999298 1
0.99936 1
0.999701 1
0.999473 1
0.999852 1
0.111575 0
0.999878 1
0.998349 1
0.998721 1
0.999834 1
0.999936 1
0.999749 1
0.99971 1
0.999571 1
0 1
0.868805 0
0.999479 1
0.998743 1
0.87498 1
0.314586 0
0.999672 1
0.783285 0
0.99977 1
0.99823 1
0.999064 1
0.999816 1
0.999418 1
0.996965 1
0.999474 1
0.999649 1
0.671377 0
0.999637 1
0.999831 1
0.992958 1
0.250809 0
0.999747 1
0.999477 1
0.999791 1
0.999672 1
0.999679 1
0.999812 1
0.9996 1
0.999561 1
0.999857 1
0.999686 1
0.999725 1
0.999659 1
0.999822 1
0 1
0.197472 0
0.999295 1
0.945729 0
0.999763 1
0 1
0.676199 0
0.967486 0
0.999791 1
0.999631 1
0.998676 1
0.999738 1
0.999167 1
0.99984 1
0.999789 1
0.999624 1
0.994644 1
0.999648 1
0.999533 1
0.999606 1
0.998772 1
0.99961 1
0.999768 1
0.999734 1
0.999007 1
0.999845 1
0.291011 0
0.981804 1
0.999826 1
0.999644 1
0.998979 1
0.998101 1
0.999148 1
0.999563 1
0.999798 1
0.999806 1
0.170639 1
0.362044 1
0.999763 1
0.99816 1
0.999548 1
0.998972 1
0.999739 1
0.999182 1
0.194467 0
0.998378 1
0.999519 1
0.229243 0
0.999426 1
0.99651 1
0.994593 1
0.341752 1
0.683846 1
0.997635 1
0.999806 1
0.999213 1
0.99983 1
0.999035 1
0.999648 1
0.999535 1
0.999408 1
0 1
0.991112 1
0.982856 1
0.976963 1
0.999594 1
0.999347 1
0.999781 1
0.99951 1
0.99941 1
0.999682 1
0.999595 1
0.762984 0
0.126786 0
0.998988 1
0.996555 1
0.999862 1
0.999819 1
0.999873 1
0.999095 1
0.999291 1
0.999565 1
0.999693 1
0.999734 1
0.999729 1
0.999701 1
0.997561 1
0.839259 0
0.99983 1
0.999871 1
0.999763 1
0.720643 1
0.999818 1
0.999847 1
0.999255 1
0.999716 1
0.999512 1
0.999852 1
0.998528 1
0.99976 1
0.999541 1
0.999813 1
0.999027 1
0.999778 1
0.999495 1
0.999862 1
0.999872 1
0.999695 1
0.633214 0
0.999765 1
0.390168 0
0.998957 1
0.998801 1
0.999334 1
0.999656 1
0 1
0.997353 0
0.999772 1
0.999652 1
0.999136 1
0.97169 0
0.982542 0
0.993651 1
0.999152 1
0.375352 0
0.999178 1
0.999817 1
0.999057 1
0.999025 1
0.148242 0
0.999825 1
0.998664 1
0.999784 1
0.999218 1
0.999877 1
0.999791 1
0.999222 1
0.998862 1
0.999832 1
0.999863 1
0 1
0.972434 0
0.998711 1
0.986486 1
0.994775 1
0.999774 1
0.999882 1
0.999613 1
0.999851 1
0.999666 1
0.999502 1
0.999227 1
0.998413 1
0.999414 1
0.993204 1
0.999791 1
0.999186 1
0.1694 0
0.999673 1
0.998501 1
0.995171 0
0.999839 1
0.999867 1
0.999804 1
0.999578 1
0.999691 1
0.992765 1
0.99981 1
0.99927 1
0.234903 0
0.999787 1
0.999794 1
0.999435 1
0.999844 1
0.999592 1
0.999688 1
0.999503 1
0.18063 0
0.960651 0
0.177974 0
0.99933 1
0.96954 1
0.997568 1
0.999849 1
0.999886 1
0.999543 1
0.998429 1
0 1
0 1
0 1
0.984204 0
0.321705 0
0.484541 0
0.9938 1
0.99801 1
0.999845 1
0.496445 1
0 1
0.979898 0
0.99708 1
0.993683 1
0.989842 1
0.991564 1
0.999678 1
0.997826 1
0.992664 1
0.999085 1
0.999263 1
0.99977 1
0.999724 1
0.99927 1
0.999116 1
0.999863 1
0.999852 1
0.999498 1
0.99979 1
0 1
0.999792 1
0.999805 1
0.164109 0
0.999441 1
0.997862 1
0.999762 1
0.999807 1
0.999201 1
0.974055 1
0.99973 1
0.999663 1
0.999742 1
0.999062 1
0.999775 1
0.999569 1
0.999011 1
0.999833 1
0.999904 1
0.999795 1
0.999727 1
0.999664 1
0.998972 1
0.98929 1
0.999069 1
0.999686 1
0.999802 1
0.999232 1
0.999524 1
0.999829 1
0.999719 1
0.999665 1
0.99962 1
0.999297 1
0.999682 1
0.999756 1
0.999456 1
0.977382 0
0.999614 1
0.998618 1
0.999718 1
0.999793 1
0.999305 1
0.993189 1
0.119471 0
0.997179 1
0.999715 1
0.999803 1
0.999514 1
0.999664 1
0.998233 1
0.999176 1
0.996871 1
0.999651 1
0.996797 1
0.999731 1
0.999625 1
0.999812 1
0.999563 1
0.999838 1
0.140438 0
0.999806 1
0.999415 1
0.999769 1
0.999828 1
0.999353 1
0.999073 1
0.999687 1
0.999789 1
0.999683 1
0.466739 0
0.999696 1
0.999797 1
0.997918 1
0.997631 1
0.9998 1
0 1
0 1
0.951596 0
0.466616 0
0.999619 1
0.313009 1
0.999637 1
0.999839 1
0.999883 1
0.999833 1
0.999851 1
0.999902 1
0.999903 1
0.999907 1
0.999609 1
0.999718 1
0.999856 1
0.999861 1
0.999675 1
0.999249 1
0.999668 1
0.998865 1
0.989151 1
0.999798 1
0.999777 1
0 1
0 1
0.999717 1
0.99977 1
0.999457 1
0.999709 1
0.999543 1
0.999658 1
0.999789 1
0.999813 1
0.999326 1
0.99926 1
0 1
0 1
0.960527 0
0.999801 1
0.999688 1
0.999281 1
0.999697 1
0.999471 1
0.999551 1
0.999488 1
0.999434 1
0.998492 1
0.99986 1
0.999614 1
0.999549 1
0.999567 1
0.99976 1
