0 1
0 1
0.304335862362 0
1.01141118007 1
0 1
0.473669609024 1
0.775838993369 1
0 1
0 1
0.672496566577 1
0.906134766329 1
0.571891178052 1
0 1
0 1
0.747345540013 1
0.587986096299 1
0 1
0 1
0.38977897707 0
0.463617888337 1
0.665534689025 1
0.254768208389 0
0.528423523329 0
0.374031260118 1
0.739465465714 1
0.525434767957 1
0 1
0 1
0 1
0 1
0 1
0 1
0 1
0 1
0.374913981014 0
0.467855232128 1
0.907522270109 1
0.710378682735 1
0.688832278161 1
0.814235249482 1
0.838712577216 1
0.697622507915 1
0.598713750133 1
0.783637666601 1
0 1
0.561152270207 1
0.872535476984 1
1.00412078981 1
0.718803120536 1
0.771704304071 1
0.504827990231 1
0.755479067258 1
0.717989850847 1
0.846061565163 1
0 1
0 1
0 1
0.265486101081 0
0.782592904098 1
0.623011963317 1
0.730286024524 1
0.640969229436 1
0.927326246407 1
0.512998374316 1
0 1
0.0966103189157 0
0.6839574258 1
0 1
0.438261722912 0
0.428398601935 1
0.95504563441 1
0.759225868652 1
0.510497420065 1
0.770780320387 1
0 1
0 1
0 1
0.512842193103 1
0.131800618047 0
0.590027270201 1
0.69175828111 1
0 1
0.630076569456 1
0.742579925764 1
0.86649235761 1
0 1
0.653904459242 1
0.262290620213 0
0.808313530166 1
0.431339936359 1
0.681490478374 1
0.923509928076 1
0.794558049994 1
0.634561803623 1
0.89454656944 1
0 1
0.381558124164 0
0.990580626304 1
0 1
0 1
0 1
0 1
0.552772969387 0
0.799435086693 1
0.143254931091 1
0.327692734746 1
0.669676338067 1
0.852669304578 1
0.51940453971 1
0.654378673017 1
0.679883598487 1
0 1
0.86046008918 1
1.01238484401 1
0.705590398403 1
0.764877429816 1
0.68466000209 1
0.806638754249 1
0.460095941545 1
0.763891882735 1
0 1
0.638352112829 1
0 1
0.538661641486 1
0.750116105711 1
0 1
0.505370867478 0
0.308494770239 1
0 1
0.599248838636 0
0.885405948276 1
0 1
0.843782587482 0
0.613276556443 1
0 1
0 1
0.938761334897 1
0.655511640772 1
0.708589301349 1
0 1
0.468116805924 0
0.813310473123 1
0.733803132049 1
0.816333135509 1
0.268218050943 1
0.535937737905 1
0 1
0 1
0 1
0.283603752333 0
0.593989614668 0
0 1
0.687688524691 1
0 1
0.394769852452 0
0.834538604368 1
0.66676563557 1
0 1
0.621608291141 1
0 1
0.8195284445 1
0.449152508782 1
0 1
0 1
0.479025866203 1
0 1
0 1
0.4860115655 1
0.61639945815 1
0.11669421946 0
0.444025558037 0
0.428628834298 0
0.410276961166 0
0.570060785086 1
0.773132344735 1
0 1
0.522239690732 0
0.775958284476 1
0 1
0.417823685376 1
0.847653054562 1
0 1
0.327285558006 0
0.670345322643 1
0 1
0 1
0 1
0 1
0.718588838559 1
0.971674385138 1
0.662014913874 1
0.252996251976 0
0.747089070511 1
1.10012016955 1
0.592878135509 1
0 1
0.325036886617 1
0.703367426059 1
0.247359540777 0
0.665012038163 1
0.787506494463 1
0 1
0 1
0 1
0.351201105842 0
0.766928906147 0
0.509247418582 1
0.73961899093 1
0.571528906267 1
0 1
0.26530539406 0
0.495851799725 1
0 1
0.493883429436 0
0.619432341983 1
0.544318678959 1
0.599061645072 1
0.894266332062 1
0.565194537568 1
0 1
0.533320324254 1
0.576567032454 1
0.776163367255 1
0.252408280795 0
0.52562741601 1
0.500601492487 1
0.753809071672 1
0.479026798231 1
0.950936416294 1
0.819064069848 1
1.08963774203 1
1.0364616385 1
0.418676574264 1
0.797399535446 1
0.387606791611 0
0.45383726395 0
0.652486568389 1
0 1
0 1
0 1
0 1
1.03552820662 1
0.466066740074 1
0.666733371191 1
0 1
0.637714456362 1
0 1
0.484726486139 0
0.81872766065 1
0.848333449058 1
0 1
0.615847355922 1
0 1
0.780214779958 1
0.411573759385 1
0.839275709046 1
0.895481959516 1
0.794086015713 1
0.445112585722 1
0.355573133575 1
0.502169696798 1
0.345780009148 1
0.993756026242 1
0 1
0.597090004077 1
0.573509379948 1
0.788829306794 1
0 1
0.548481956203 1
0 1
0.482858047027 1
0.473151970028 1
0.824439299605 1
0.648898593236 1
0.235913523635 1
0.80803914711 1
0.583419301375 1
0.609119149841 1
0 1
0.463216262243 1
0.765632587109 1
0.772371713075 1
0.62730203209 1
0.643210784029 1
0.7252292955 1
0.609412514646 1
0 1
0.933942428811 1
0.648257433373 1
0.936588216633 1
0.472276100983 1
0.347013436377 0
0.839101643424 1
0.871502733763 1
0 1
0 1
0 1
0 1
0.300538361745 0
0.402501179297 1
0.429327816588 1
0.464680314572 1
0 1
0.400027580305 0
0.726823433589 1
0.84893382541 1
0.67681703481 1
0 1
0.43922945532 1
0 1
0 1
0.433432193759 1
0.769008367089 1
0 1
0 1
0.722922185815 1
0.701270547166 1
0 1
0.409701719792 1
0.747572890496 1
0.852129000205 1
0.603809535597 1
1.0575364184 1
0.858095471095 1
0 1
0.894071873236 1
0.796719372694 1
0 1
0 1
0.988948365858 1
0.668705793551 1
0.52431219886 1
0.641104302805 1
0.724359539009 1
0 1
0 1
0.648398054078 0
0.269123680438 0
0.489532194234 1
0.547004769952 1
0.693089933385 1
0.579803523698 1
0.639246971828 1
0.595113596147 1
0.693832279204 1
0 1
0 1
0.338722898383 1
0.436380313464 1
0 1
0 1
0.931638442645 1
0 1
0.768272732576 1
0.767295712586 1
0.452884537454 1
0.517424778819 1
0 1
0.755795008873 1
1.02398031494 1
0.814549540201 1
0 1
0.70752696051 1
0 1
0.418922039267 0
0.768864931643 1
0.685138993859 1
0 1
0.827900463147 1
0.628262041001 1
0.616337666607 1
0.519710625846 1
0.522754378845 1
0.732862344495 1
0.787804224502 1
0.710935481589 1
0.851963133801 1
0.105777512773 0
0.623968603782 1
0.578270169964 1
0.462335394614 1
0 1
0.704507271031 1
0.660118922975 1
0.783046345797 1
0.717239225879 1
0.274650953444 0
0.657102437295 1
0 1
0.694826723039 1
0 1
0.376463682679 0
0.972715945419 1
0.732299617913 1
0 1
0.346579615117 0
0.260394232765 0
0.187396179746 0
1.09190054905 1
0.634270555994 1
0.603582199156 1
0.8498120356 1
0.813728120948 1
0.730003129876 1
0.722595319486 1
0 1
0.613686096031 0
0.574402505691 1
0 1
0 1
0.418473285946 0
0.712556721365 1
0.442386416549 1
1.04136906788 1
0.531600014247 1
0 1
0.555879759032 0
0.450031719884 1
0.407293057875 0
0.891346655431 1
0 1
0 1
0 1
0.238672353199 0
0.64795946496 1
0.825534692422 1
0.921770704759 1
0.795470084714 1
0.843225633772 1
0.213350470286 0
0.826592887562 1
0.221679524012 0
0.666532421847 1
0.82690180253 1
0 1
0.834810094521 1
0.64934125695 1
0.783303595973 1
0.645689693034 1
0 1
0.919695398653 1
0.598738679319 1
0.357476559294 1
0 1
0.896807747364 1
0.731927898529 1
0.673223832137 1
0.907009926096 1
0.534094692349 0
0.840328430869 1
0 1
0 1
0 1
0 1
0 1
0 1
0 1
0.578227110787 1
0.462354379061 1
0.837400469182 1
0.351771486749 0
0.926942036777 1
0.657206958773 1
0.146740401352 0
0.742314693335 1
0.636069055082 1
0 1
0.331693528034 1
0.505263131136 1
0.793859689394 1
0.324344460383 0
0.731163752417 1
0.967231722417 1
0 1
0 1
0.665719540913 0
0.439112905397 1
0.760429218654 1
0.736743370208 1
0.765953987367 1
0.894910710095 1
0.934036258142 1
0.169495931778 0
0.401491939957 1
0.521172669552 1
0.797832514096 1
0.820852504795 1
0.821289455294 1
0.992089702455 1
0.834714529929 1
0.158993670012 1
0.683583911174 1
0 1
0.613503368505 1
0.369596648862 1
0.788123208996 1
0 1
0.47023125465 1
0.562414539455 1
0 1
0 1
0 1
0 1
0 1
0.463700081424 1
0.542176175264 1
0.098165558039 1
0.761333207712 1
1.11832860856 1
0.469605951026 1
0.626086574763 1
0.487256177572 1
0.93540594081 1
0.798967115398 1
0.670163054775 1
0.562307275842 1
0.866653369131 1
1.0757502339 1
0 1
0 1
0 1
0 1
0 1
0 1
0 1
0 1
0 1
0 1
0.876275624461 1
0.452200786795 1
0.787825627222 1
0.590722975709 1
0.161470700869 0
0.379418599433 0
0.741413600909 1
0.715655867017 1
0.58272688521 1
0.924854620181 1
0.876458126396 1
0.586630861222 1
0.531442736893 1
0.383714843448 0
0.442324624629 1
0.815172187132 1
0.698556565559 1
0.774079694794 1
0.853662812088 1
0.5637976641 1
0.895586958514 1
0 1
0.726580393467 1
0.302196572203 1
0 1
0.359658361714 0
0 1
0.767122118024 1
0.72212875849 1
0.512743057453 1
0.626017978967 1
0.892695948629 1
0.684374067756 1
0 1
0.994606729097 1
0.577925858348 1
0 1
0 1
0.575295865388 0
0.644440706556 1
0.442844065084 1
0.539567889674 1
0.436294997809 1
0 1
0.672998755336 0
0.812903902744 1
0.809010942568 1
0.588429459318 1
0.820622352104 1
0.57054600583 1
0 1
0 1
0 1
0.961809301108 1
0.133661258616 0
0.637029771616 1
0.450264386496 1
0.670511017625 1
0 1
0.472937582773 0
0.686376888544 1
0.684661100669 1
0 1
0.408371797413 0
0.72666907724 1
1.03747391568 1
0.713437034329 1
0 1
0 1
0 1
0.468867590126 0
0.519355867883 0
0.291331097916 1
0.726214926118 1
0.731965710157 1
0.804233452228 1
0.927194532861 1
0.708065860332 1
1.03209767113 1
0.146928047935 0
0.802637740299 1
0.038584840232 0
0.483270476262 1
0.891510397315 1
0 1
0.51665703898 0
0 1
0 1
0.147440485276 0
0.665003516088 1
0.4693686755 1
0.783048831537 1
0.773061797709 1
0.614690628032 1
0.608274851666 1
0.323005236633 1
0.727744772786 1
0.584248437891 1
0 1
0 1
0 1
0 1
0 1
0.811256250314 1
0.504964158546 1
0.865773525935 1
0 1
0 1
0.399216648067 0
0.656660633077 1
0.476942664019 1
0.859336958662 1
0.618201573699 1
0.772881327531 1
1.02631219564 1
0.874835866012 1
1.01260601333 1
0.768515627288 1
0 1
0.386558362044 0
0.422111960312 0
0.710543205779 1
0.464985242917 1
0 1
0 1
0.815745868086 1
0.694873835156 1
0 1
0.666515474264 1
0.458004766284 1
0.707572438761 1
0.373051716498 0
0.658958678365 1
0.638635234551 1
0.102361806868 0
0.897589618404 1
0 1
0 1
0.463314850523 1
0.691414609165 1
0 1
0 1
0 1
0.568182036633 1
0 1
0.850850714388 1
0 1
0 1
0.196561096246 0
0.592210631517 1
0.632364456461 1
0.536023984724 1
0 1
0.901362976966 1
0.703429616666 1
0.776845793308 1
0 1
0 1
0.5242413408 1
0 1
0 1
0 1
0.717602427968 1
0.756589218337 1
0 1
0 1
0.594559612538 0
0.760555778307 1
0.670922579421 1
0 1
0.377503219744 0
0.752595246418 1
0.647734225232 1
0.810791258924 1
0.732294851774 1
0 1
0.632306573594 1
0.684576177856 1
0 1
0 1
0.741691960198 1
0.61690282727 1
0 1
0 1
0.591796720028 1
0 1
0 1
0.731207816053 1
0.395617344758 1
0.420080077034 1
0.444016485809 0
0.728535163385 1
0 1
0 1
0 1
0.121080942368 0
0.42947321269 1
0.66033649745 1
0.675865782278 1
0.696388208608 1
0.867738748485 1
0.633721259261 1
0.720714146238 1
0.511613601831 1
0.63224187572 1
0.88422531896 1
0.619369851639 1
0.778495698097 1
0.462206176008 1
0.569099154514 1
0.603732653991 1
0.267613275883 1
0.551803989339 1
0.706802806481 1
0.266706961293 1
0.809801424281 1
0.606939134633 0
0.491830783249 1
0.708469148718 1
0.668140393892 1
0.571269854146 1
0.804502821198 1
0.424801797336 1
0.552109536517 1
0 1
0 1
0 1
0.434988514872 1
0 1
0 1
0.739105718741 1
0.83706140601 1
0 1
0.304429376962 0
0.765084616602 1
0 1
0.740977109082 1
0 1
0.370696877936 0
0.745845861321 1
0.841295555957 1
0.554632512331 1
0.511982967838 1
0 1
0 1
0 1
0 1
0 1
0 1
0 1
0 1
0 1
0.852836638343 1
0.866726093419 1
0.651157733911 1
0.571571014999 1
0.612027728253 1
0 1
0.693505472214 1
0 1
0.582346104121 1
0.472281569865 1
0.784984849039 1
0.247899605793 0
0.761112898077 1
0.726498830491 1
0.511667585843 1
0.588295075896 1
0 1
0.913706491038 1
0.55717812777 1
0.690370468124 1
0.92729460635 1
0.353707037621 1
0 1
0 1
0.894585088036 1
0 1
0 1
0 1
0 1
0.676461654103 1
0.429833286972 1
0.719082823099 1
0.128439141682 0
0.795470868735 1
0.942704854902 1
0 1
0.605201415302 1
0.471805000294 1
0.893718518429 1
0.718213991173 1
0.809372122536 1
0.362924769371 1
1.11668914524 1
0.770366805765 1
0 1
0 1
0 1
0.575947431254 0
0.5551335954 0
0.813978922261 1
0 1
0.542613592607 1
0.691952269691 1
0 1
0 1
0 1
0.21658390384 0
0.468063444792 1
0.476114064742 1
0.23800836797 0
0.761941875045 1
0.641544608708 1
0.751963522626 1
0.188240324847 1
0.544072420035 1
0.81865399242 1
0 1
0.603625710597 1
0.829352977026 1
0.522846727991 1
0.798952263877 1
0.271776402152 0
0.537980935015 1
0.608162434483 1
0.106413196487 0
1.15533571209 1
0.283187973929 0
0.748104693949 1
0.588725875124 1
0.457203986922 0
0.445043668779 1
0.871008600126 1
0.98051117896 1
0.620907194358 1
0.888234141486 1
0 1
0 1
0.715815792965 1
0.534796412709 1
0.630427977386 1
0.618932184235 1
0.353238985946 1
0 1
1.01901907978 1
0 1
0.608073138456 1
0.484048603495 1
0.697231803761 1
0.979047277825 1
0 1
0.316277821013 1
0.679719696082 1
0.771666486772 1
0.734089770423 1
0.643897035016 1
0.594568128991 1
0.539001722528 1
0.837396022294 1
0.51066500807 1
0.646487589193 1
0.899889616458 1
0.0405011759412 0
0.851194548478 1
0.271090553125 0
0.882934931388 1
0 1
0 1
0 1
0.539251406982 1
0.628299470091 1
0.73140149953 1
0.8512161091 1
0.773200795325 1
0.643681961275 1
0.523203669823 0
0.70368764999 1
0.826678676741 1
0 1
0 1
0 1
0 1
0 1
0.957651650452 1
0.513501250399 1
0.193977583359 1
0.591547740592 1
0.519335004329 1
0.732889847555 1
0 1
0.616490942317 1
0.560761964667 1
0.842080863391 1
0.711299604855 1
0.474531410701 1
0.624336173069 1
0.826052744261 1
0.616630388623 1
0.856667038198 1
0.54113625266 1
0 1
0.58359062724 0
0.680330085062 1
0.921769224161 1
0 1
0 1
0 1
0.554841105464 0
0.49439601643 1
0.694328684559 1
0 1
0 1
0.692344936734 1
0.86959258305 1
0 1
0.729233524026 1
0.861694149799 1
0.888548689501 1
0 1
0.640665321572 1
0.858165950695 1
0 1
0.513516961574 0
0.726034067603 1
0.637560787751 1
0.395945712431 1
0 1
0 1
0 1
0 1
0 1
0 1
0.367989060479 0
0.481035864874 0
0.876184542291 1
0.648838991266 1
0.704940319602 1
0.467595635297 1
0.380990873715 1
0.611252505215 1
0.907960943815 1
0.818120001742 1
0.376975398586 1
0.802120713643 1
0.583031097418 1
0.892958516784 1
0 1
0 1
0.202302974495 0
0.88225407099 1
0.618546250217 1
0.57698517127 1
0.683867660597 1
0.47020414143 1
0.57089266532 1
0 1
0.82930180669 1
0.805334140824 1
0.781766024871 1
0.883063589245 1
0.832781415021 1
0 1
0 1
0.797067735212 1
0.399735788529 0
0.675646957321 1
0.236353830033 1
0.520446489619 1
0.330474768294 1
0.724144684615 1
0.792097043419 1
0.673105005104 1
0.860153438744 1
1.01371915264 1
0.438822189195 1
0.699349152502 1
0.715241801159 1
0.582448457322 1
0 1
0.740193669636 0
0 1
0.637908516111 1
0.871342753968 1
0.649158770312 1
0 1
0.866296566752 1
0 1
0 1
0 1
0 1
0.358491574508 0
1.01400062674 1
0.528351576714 1
0.37335376087 1
0 1
0 1
0 1
0 1
0 1
0.852460389552 1
0.863996561667 1
0.366902348133 1
0.712755319042 1
0.665305939156 1
0.648052284224 1
0.52570087285 1
0 1
0.6005784422 1
0.522642970819 1
0.339250096864 0
0.978630314104 1
0 1
0.431722186846 0
0 1
0.577876418148 1
0.339290475632 0
1.11768781054 1
0.918216017354 1
0.703174694764 1
0 1
0 1
0.914855391075 0
0.325692346642 1
0 1
0.703629377736 1
0.783290167738 1
0.377714924981 0
0.361346491637 0
0.335348601467 1
0.420470863347 1
0.720991487693 1
0.478337032965 1
0.369350720926 1
0.425269851467 1
0.842977358744 1
0 1
0.519581326517 0
0.495883913632 1
0.788423362306 1
0.682916885918 1
0.79899383457 1
0 1
0.4394611706 1
0 1
0.635350008716 0
0.617249310627 1
1.10677180536 1
0 1
0.302508129854 0
0.300307423214 0
0.819910704859 1
0.800403034928 1
0 1
0 1
0 1
0.675441567047 1
0.891939221702 1
0 1
0 1
0 1
0.388956723137 0
0.457776484101 1
0.526385241747 1
0.5339138997 1
0.870102031705 1
0 1
0.396311015057 0
0.891781183301 1
0.520841496719 0
0.851396649715 1
0.740171803655 1
0.894930869441 1
0.364659844427 1
0.395479457608 1
1.03868945075 1
0.599845866264 1
0.674665791545 1
0.457073681056 1
0.502139141837 1
0.617083909393 1
0.435256724987 1
0.76091008029 1
0.542668985719 1
0.872430389364 1
0 1
0.376444767472 1
0.619316560979 1
0.72312265701 1
0 1
0 1
0 1
0.363610634914 0
0.375186170978 0
0.67732227447 1
0.653328127747 1
0 1
0.331026806699 0
0.894883363677 1
0 1
0.486294613039 1
0.83584837114 1
0.516789768072 1
0.649653596057 1
0.972188666648 1
0.557305643625 1
0.243624147562 0
0.55484125257 1
1.0266196125 1
0.714202898717 1
0.364279622637 1
0 1
0.560090939349 1
0.696037658846 1
0 1
0 1
0.462649769516 1
0.32581954195 1
0 1
0 1
0.677271797132 1
0.414630238875 1
0.905453288643 1
0.465430704745 0
0.589436804249 1
0 1
0 1
0 1
0.447775861004 1
0.506770242238 1
0.652729613549 1
0.173214225261 0
0.884221725433 1
0.127967669333 0
0.691168829354 1
0.696298521426 1
0.585873914939 1
0.941818836883 1
0.406696021229 1
0.609361486832 1
0.816267963224 1
0.965624848442 1
0.705601245182 1
0.782464615887 1
0.920177493509 1
0.66529718929 1
0 1
0 1
0.988507502781 1
0.73951241469 1
0 1
0 1
0.550915398954 0
0.730704377794 1
0.676735634434 1
0.999738292113 1
0.751024225311 1
0 1
0.823876650398 1
0.756395322484 1
0.572071088637 1
0.873268749611 1
0 1
0.788314776388 1
0.662444455648 1
0.936147508133 1
0.317093131499 0
0.637918291423 1
0.721738686162 1
0.68286883051 0
0.40373391551 1
0.736009689564 1
0.755564921102 1
0 1
0.991326802005 1
0.715151554042 1
0.751220313733 1
0.260009379318 0
0.933832816419 1
0.383104304411 0
0.345200243729 0
0.780638050192 1
0.79891070966 1
0.270085470139 1
0 1
0.576235080362 1
0.8054509538 1
0 1
0.486145857522 1
0.580870861705 1
0 1
1.00259282212 1
0.841219528275 1
0.923876883395 1
0.862880863943 1
0.848375632619 1
0.820040242348 1
0.629240312929 1
0.935209533151 1
0.747316803473 1
1.06805804947 1
0 1
0.572247280585 1
0.619642343196 1
0.940713903684 1
0.642699695755 1
0.713840323052 1
0.770191719758 1
0 1
0 1
0 1
0 1
0 1
0.944784610357 1
0.433076328801 1
0.585365251887 1
0.652278681365 1
0.297998282714 0
0.847815473454 1
0.529924604471 1
0.780153762003 1
0 1
0.702937342622 1
0.552583432419 1
1.06038281217 1
0 1
0.634978513709 1
0 1
0.871134296859 1
0.716393520116 1
0.827465943936 1
0.839507118368 1
0.728070633714 1
0.791849693224 1
0.993422510374 1
0 1
0.912024226373 1
0 1
0.366476723835 0
0.952177343503 1
0.806022271418 1
0 1
0.368099296703 0
0.529513755183 1
0.252880232939 1
0.629138674732 1
0.227447117878 1
0.883525706459 1
0.649538136082 1
0.95555204026 1
0.766383678539 1
0.646386095951 1
0.69475039899 1
0.450392199865 0
0.373040953133 1
0.519755320866 1
0.906587192081 1
0.566782816141 1
0 1
0 1
0.600746176088 1
0.626460233426 1
0.740261018665 1
0.678668524989 1
0.669090399216 1
0 1
0.651819289384 0
0.874703367072 1
0.605945706021 1
0.895707812716 1
0 1
0.687786336449 1
0.612621330702 1
0.790946644293 1
0 1
0 1
0.533961100401 0
0.556005387635 1
0.931386565709 1
0.659499690652 1
0.882110087924 1
0.466863834036 1
0.826550245975 1
0.61188382968 1
0.456308670747 0
0.925988374375 1
0.659109142535 1
0.606709695577 1
0.502393365651 1
0.903395010306 1
0.640422888792 1
0.660329773083 1
0.621714308628 1
0.766202420992 1
0.914082116225 1
0.447957665466 1
0.61648054868 1
0 1
0.50219383381 1
0.86450617163 1
0.90788523422 1
0.651094771989 1
0.948577588229 1
0.961010860961 1
0.517665086018 1
0.487728904692 1
0 1
0 1
0.408968906569 0
0.715544691203 1
0.729363836682 1
0.324484684953 0
0.63955485212 1
0.6589477508 1
0.951967498832 1
0.530515156034 1
0 1
0 1
0.764101253631 1
0.81685367954 1
0.809753672666 1
0.765979691088 1
0.508662815711 1
0 1
0 1
0 1
0 1
0 1
0 1
0 1
0 1
0 1
0.179784302282 0
0.454123754745 1
0.932006108784 1
0.683933678616 1
0 1
0.859833358814 1
0.734746250665 1
0.731596336455 1
0 1
0.661312745698 1
0 1
0.130426409188 0
0.744036492098 1
0.213753828249 1
0 1
0.783840947575 1
0 1
0 1
0 1
0 1
0.414032500122 0
0 1
0.528366253385 0
0.57455719657 1
0 1
0 1
0.0862600925993 0
0.409832031752 1
0.476206959275 1
0 1
0 1
0.512295170803 1
0.678751037513 1
0.652467177689 1
0 1
0.740311879809 1
0.776540170578 1
0 1
0 1
0 1
0.241022662586 0
0.376543996455 1
0.753897041492 1
0.79586985733 1
0.471378440626 1
0 1
0 1
0 1
0.792217342779 1
0.535245865659 1
0.788520395664 1
0.427561486204 1
0 1
0 1
0 1
0.536928122684 1
0.752061417289 1
0.472375783712 1
0 1
0.572240318607 1
0 1
0 1
0.275479292451 0
0.751160627034 1
0.628894930893 1
0.697603377817 1
0 1
0.44584852346 1
0.707489776692 1
1.00589383494 1
0.290959853056 0
0.801162278827 1
0.969225170057 1
0.966236572591 1
0 1
0 1
0.770571643144 0
0.72640172452 1
0.498255792159 1
0.667070696337 1
0.640878214773 1
0 1
0.658992191394 1
0.662585471024 1
0.829031256118 1
0.587097356211 1
0.824748370147 1
1.01765898263 1
0.647100246016 1
0.718492580882 1
1.05280930727 1
0.571445557153 1
0.689700245958 1
0.429286409995 1
0.513771566758 1
0.876763679667 1
0.22939593434 1
0.756100709069 1
0 1
0 1
0.583821640622 1
0 1
0.535851565265 0
0.440729606936 1
0.479010471728 1
0.592377821127 1
0 1
0 1
0.469868528913 1
0.528333050052 1
0 1
0.55254469292 1
0 1
0 1
0 1
0 1
0.722067584948 1
0.725192823817 1
0.489867347088 1
0.770866575864 1
0.29579735031 1
0.535428588638 1
0.535351964855 1
0 1
0.563274857946 0
0.664780010075 1
0 1
0.689314233433 1
0.956216101032 1
0.848097428376 1
0.548369464874 0
0.539705321272 1
0.250822505542 0
0.835729455931 1
0 1
0.287015631376 0
0.504815240116 1
0.682182570864 1
0.809524456355 1
0.319301889677 1
0.90232227457 1
0 1
0 1
0.513128524181 1
0 1
0.62814454087 0
0.56665633877 1
0 1
0.261650859767 1
0.687782434153 1
0 1
0 1
0.314645632107 1
0.842071025155 1
0.81988141225 1
0.744196878014 1
0.6650165751 1
0 1
0 1
0 1
0.309100857731 0
0.155091560201 1
0.697881406187 1
0.209366644986 1
0.531954615718 1
0 1
0.498798912514 1
0.891551799296 1
0 1
0.753000233427 1
0.544318678959 1
0.807767343004 1
0 1
0.679205473435 1
0.655121725477 1
0.552562887507 1
0 1
0.473831167265 0
0.535517502441 0
0.872323599729 1
0.163350240542 0
0.469809145116 1
0 1
0.405127903897 1
0.893815323221 1
0.947793837141 1
0.357188593963 1
0.543103044844 1
0.656941564604 1
0.380063675612 1
0.800081565259 1
0.545347580738 1
0 1
0 1
0 1
0 1
0 1
0 1
0.432262892583 0
0.778798683415 1
0 1
0 1
0 1
0 1
0 1
0.616969307403 0
0.358390163375 0
0.703531103473 1
0.592469843456 1
0.862469549053 1
0.704345476125 1
0 1
0 1
0.477588835921 0
0.718378756806 1
0 1
0.886385864897 1
0.427581097748 1
0.176789378566 0
0.585053519017 1
0.455032750207 1
0 1
0 1
0 1
0 1
0 1
0 1
0 1
0 1
0 1
0.961309540022 1
0.555224848659 1
0.557765480376 1
0.755241803009 1
0.702642043294 1
0 1
0 1
0.533623515831 0
0.616735153772 1
0.633511189054 1
0.656199064534 1
0 1
0 1
0.567895391406 0
0.536464601747 1
0.205132502088 0
0.474959135819 1
0.609945555976 1
0 1
0.247090477488 0
0.993872348637 1
0.200347501351 0
0.79362524472 1
0 1
0.730362505084 1
0.566927418678 1
0.459044912019 1
0 1
0.472261719179 0
0.407447196968 0
0.597742890205 1
0.107683137199 0
0.484903986354 1
0.459381956144 1
0 1
0 1
0 1
0 1
0 1
0 1
0 1
0 1
0 1
0 1
0 1
0 1
0 1
0 1
0 1
0.752727191458 0
0.765260547624 1
0.74756805113 1
0 1
0.202023363591 1
0.896529774064 1
0.594131728363 1
0.431430161944 1
0.714299304801 1
0.670607113489 1
0.122353906309 0
0.79362524472 1
0.512148211843 1
0.758859144818 1
0.613936881374 1
0.887635627906 1
0 1
0.746204694452 1
0 1
0.580249616643 1
0.567123585771 1
0 1
0.726377032412 1
0.9032086752 1
0.595799921931 1
0.674541567865 1
0.649753127683 1
0.791102038375 1
0.602216251978 1
0 1
0 1
0.388920873566 1
0 1
0.823458367223 1
0 1
0.345209773633 1
0.384995482496 1
0.458671798543 1
0.226434923294 1
0.642989146409 1
0.647992899436 1
1.1161140668 1
0.500648678909 1
0.225215166293 1
0.195875704131 0
0.662896727268 1
0.0914429768554 0
0.449010548356 0
0.773377268662 1
0 1
0.958855780305 1
0.229584531518 0
0.606199995246 1
0.677108129649 1
0.613769533544 1
0.974515789377 1
0 1
0.59692437345 1
0.8699013332 1
0.827478683924 1
0.559856803257 1
0.782383759134 1
0.405527130175 1
0.562364776352 1
0.736667658462 1
0.370137590477 1
0.93143931169 1
0.50530524507 1
0.749189067729 1
0 1
0 1
0.433462582651 1
0 1
0 1
0 1
0 1
0 1
0 1
0 1
0.793993209892 1
0 1
0.645939138586 1
0.719603750541 1
0.483187905944 1
0 1
0 1
0.434799608748 1
0.615898140669 1
0.513321106019 1
0.387190548728 0
0.643914998028 1
0.880568293534 1
0.65810688152 1
0.813207730235 1
0 1
0.87275384146 1
0.82431163709 1
0.50893415139 1
1.00905609442 1
0.415804689156 0
0.752758834034 1
0.509308909232 1
0 1
0.534986022477 1
0.54266430309 1
0.670079845159 1
0 1
1.03134195394 1
0 1
0.631961029604 1
0.363998442268 1
0.285912738355 1
0.483275007219 1
0.640451565351 1
0.583365936264 1
0 1
0.320318131658 1
0 1
0 1
0.583758669355 1
0.601088131035 1
0.402341571904 0
0.779720786387 1
0.694501652893 1
0.463869453934 1
0.713551494456 1
0 1
0 1
0 1
0 1
0 1
0 1
0 1
0.804941565681 1
0.505145946778 1
0.398836563064 1
1.01900508666 1
0.616430002111 1
0.380850159496 0
0.759950158941 1
0 1
0 1
0.690169141641 1
0.667147900595 1
0.266927502945 1
0.939908209849 1
0.608904302595 1
0.537818761814 1
0.360421580072 1
0.910711802268 1
0.324527588265 1
0.800905628554 1
0.704004853311 1
0.843415944829 1
0.489892205124 1
0.471567279702 1
0.596659603417 1
0.682564694299 1
0 1
0.667088675074 1
0 1
0.888155475323 1
0.434759149549 1
0 1
0 1
0 1
0.526039621301 1
0.437517191091 1
0.51467375276 1
0.716756876724 1
0.453771564508 1
0.428866336784 1
0 1
0.593547348991 1
0.666841963058 1
0.612355875684 1
0.523829142922 1
0.950509450659 1
0.740650313138 1
0.668351789037 1
0 1
0 1
0.214234224705 0
0.665670785557 1
0.521152197663 1
0.941758753534 1
0 1
0.866061327934 1
0.795518831356 1
0.296500466021 1
0 1
0 1
0.596232348408 1
0.698789534064 1
0 1
0 1
0 1
0 1
0 1
0 1
0 1
0 1
0 1
0 1
0.666048359736 1
0 1
0 1
0 1
0 1
0.697339140457 1
0.6048707005 1
0.787422573904 1
0.515395549306 1
0 1
0 1
0 1
0 1
0 1
0 1
0 1
0 1
0 1
0 1
0 1
0 1
0.650150703651 1
0.320902972172 1
0.844860155677 1
0.785095549355 1
0.689126727949 1
0 1
0.695510316155 1
0 1
0.697721022872 1
0.72079078319 1
0 1
0.737529146928 1
0.670069463095 1
0 1
0.458781323769 1
0.631683138896 1
0.672707111963 1
0.489637876745 1
0.788764457057 1
0.751584389169 1
0.557194927511 1
0.839135005691 1
0.725967263507 1
0 1
0 1
0 1
0.588045550549 1
0.705852429702 1
0.603453360137 1
0.0885757119668 0
0.650388288073 1
0.33614258377 1
0.891380393451 1
0.71316117882 1
0.290055467759 0
0.299108679511 1
0.729108365314 1
0.685575244889 1
0 1
0.63091040564 1
0 1
0.539880399548 1
0.278341109143 1
0.801739302852 1
0.603923359932 1
0.903314924954 1
0.863176491808 1
0.844871090422 1
0.791634535409 1
0.574967884269 0
1.06426321042 1
0.803848917245 1
0.812028282754 1
0 1
0 1
0.672073990309 0
0 1
0.294506953634 0
0.648046557008 1
0 1
0 1
0 1
0.346986646156 1
0.660165715991 1
0.798814766309 1
0 1
0 1
0 1
0 1
0 1
0.0518660180214 0
0.58123391013 1
0.689018444874 1
0.477976870985 1
0.596496017652 1
0.980844303059 1
0 1
0 1
0.26542516288 0
0.849652045168 1
0.673485160779 1
0 1
0.6897440675 0
0.0323154797352 0
0.252390786783 0
0.600907429826 1
0 1
0.570774226245 1
0.564493757803 1
0 1
0 1
0 1
0.633463831938 0
0.293283206393 0
0.448631022419 1
0.649160168478 1
0.873816403665 1
0 1
0.617348681945 1
0.752077896678 1
0.727037734388 1
0.808808989415 1
0.923469379041 1
0 1
0 1
0.344209922051 0
0 1
0.721167425846 1
1.01668062986 1
0.637998835055 1
0.349537350313 1
0.547473907255 1
0.930593131035 1
0.683016950903 0
0.428451031463 1
0.447305949793 1
0.878906101417 1
0 1
0.401151877528 0
0 1
0 1
0 1
0 1
0 1
0 1
0.396244617556 0
0.790229069108 1
0.997149058413 1
0.790505786145 1
0.627478211692 1
0.334984226475 0
0.929731646457 1
0.541418593703 1
0 1
0 1
0.483179383765 0
0.667941253661 1
0.47040790164 0
0.504626250305 1
0.836264533456 1
0.933264763599 1
0 1
0.575715479382 1
0.593369917743 1
0 1
0.739711642774 1
0 1
0.627150779447 1
0.746091732027 1
0.478114616554 1
0.272654304473 0
0.773546968422 1
0.203703286507 0
0.676143592401 1
0.597151657758 1
0.304927270509 0
0.324570942331 1
0.435647734654 1
0.37882180227 0
0.663932434678 1
0.662332585899 1
0.257720479377 0
0.531696012809 1
0 1
0 1
0.467981178254 0
0.449355005413 1
0.710449377685 1
0 1
0.937678055226 1
0.782249542181 1
0.869092658764 1
0 1
0.558811640959 1
0.286403516976 1
0.733484683907 1
0 1
0 1
0 1
0.571270077968 1
0.538958210119 1
0.482119691847 1
0.434051721778 1
0 1
0.519550386299 1
0.765313905023 1
0.832088988401 1
0.678177581386 1
0 1
0.702808685861 1
0.710666406895 1
0 1
0 1
0 1
0 1
0.824908598448 1
0.708793590084 1
0.39773289289 0
0.741246653443 1
0.702715389776 1
0.753397257105 1
0.512511957541 0
0.417668678229 1
0.587993131513 1
0.448174214517 1
0 1
0.452894227461 1
0.640603759772 1
0.628126167363 1
0.821789137927 1
0.547778983351 1
0.552724301257 1
0.472193606207 1
0 1
0.945954614004 1
0.590270312287 1
0.756428687356 1
0.781350785556 1
0.75747172602 1
0.447445631063 1
0.646638045356 1
0 1
0 1
0.385026171262 0
0.858484849169 1
0 1
0.547331728131 1
0 1
0 1
0.758001486471 0
0.60194016388 1
0 1
0.983405941871 1
0 1
0 1
0.28565194818 0
0.566978925659 1
0.700103681294 1
0 1
0.780738521872 1
0.705169852855 1
0 1
0 1
0 1
0 1
0 1
0 1
0 1
0.465005936449 0
0.738876095039 1
0.775594299076 1
0 1
0 1
0.625577436464 1
0 1
0.523837274619 0
0.240893983583 0
0.50548015971 1
0.738929226237 1
0.530001339022 1
1.0188789935 1
0 1
0 1
0.575177971833 0
0.708578835593 1
0.759023603578 1
0.797445474369 1
0.32074141368 1
0.709309998334 1
0.561575472649 1
0.70334290892 1
0.807104153383 1
0 1
0.78036977117 1
0.804010949856 1
0.507386172113 1
0.364070007664 1
0.642036104501 1
0 1
0.468940079223 0
0.0441943849464 0
0.780156104398 1
0.556567657996 1
0.517417196816 0
0.833436406839 1
0.354722121438 1
0 1
0.0626793784713 1
0.524812034324 1
0.387323211008 0
0.390520006214 1
0.209441024555 0
0.784304856539 1
0 1
0.629562731843 1
0.555986173159 1
0.309535551142 0
0.390046887725 0
0.782680711987 1
0.543099154735 1
0 1
0 1
0 1
0 1
0 1
0 1
0.943995389308 1
1.13150570872 1
0.924910004061 1
0.791987115891 1
0.820900472964 1
0.285261097152 1
0.667127037769 1
0.379195940651 1
0.53742618347 1
0 1
0 1
0.166453514713 0
0.817020867586 1
0.893691580251 1
0.682420001259 1
0.709833198585 1
0 1
0.498798912514 1
0.806008909813 1
0 1
0.612286968977 0
0 1
0.254172420628 0
0.33723671003 0
0.377501806025 1
0.582099459853 1
0 1
0 1
0.854134541088 1
0.375084305243 1
0.820254457914 1
0 1
0.573874228213 1
0.937538138652 1
0 1
0.667282431451 0
0 1
0.136623051918 0
0.323838448918 1
0 1
0 1
0.155549768811 0
0.314484217571 0
0 1
0.749468285804 0
0.248580395629 1
0.475365863505 1
0.621868051026 1
0 1
0.75934250499 1
0.614573053764 1
0 1
0 1
0.622067119685 1
0.691502895503 1
0 1
0.712322729388 0
0 1
0 1
0.283513362584 0
0.944111494688 1
0.818054307193 1
0.815076409755 1
0.421370851555 1
0.858899155092 1
0.745907431766 1
0.710936170245 1
0.39029618386 1
0.502303588583 0
0.732328676573 1
0.592228058568 1
0.581624306475 1
0 1
0 1
0.49976172788 0
0.540627506135 1
0 1
0.54542296985 1
0.654399214187 1
0.75139203626 1
0.883035331577 1
0.165511407323 1
0.263969371518 1
0.339745631355 0
0.133217027806 0
0.480708219303 1
0.595120323952 1
0.586315626252 1
0.892497979172 1
0.565759385691 1
0.0881761037463 1
0.141727649026 0
0.249164850926 0
0.590676021994 1
0 1
0 1
0.204784851072 0
0.503232513466 1
0.738019926326 1
0.742378679216 1
0.537411575088 1
0.413443749895 1
0 1
0 1
0.243552895377 1
0.920621959059 1
0.13595696496 0
0.569808522979 1
0.592044767537 1
0.826611804538 1
0.53173618203 1
1.12579243169 1
0.255882822249 1
0.677088516469 1
0.789265244558 1
0.635741342436 1
0.882296098267 1
0 1
0.599932736032 1
0.704684771309 1
0.145957588439 0
0.954139152733 1
1.12522227279 1
0.878134607507 1
0.5341595325 1
0.406022345202 1
0.656018208452 1
0.808797969376 1
0.481347201377 1
0.754325547706 1
0.552304855674 1
0.607582828348 1
0 1
0.92301367879 1
0.497002427993 1
0.564201560302 1
1.04599836651 1
0.470226571875 1
0.820620323453 1
0.652780783595 1
0.771986337287 1
0.670759210153 1
0.730954837073 1
0.607706022866 1
0.712068282874 1
0.738109456589 1
1.08883741666 1
0.453858914503 1
0.692369688414 1
0.746764611223 1
0.59978601782 1
0.290097750063 1
0.561379371858 1
0.717650548514 1
0.587780795491 1
0.625006406327 1
0.896078131383 1
0 1
0.298922035714 0
0.807580862375 1
0.798868666408 1
0 1
0.704129064971 1
0.908143599655 1
0 1
0 1
0.455474617926 0
0.631823051382 1
0.993815008725 1
0.30892586442 1
0 1
0.632207738732 1
0.925623988106 1
0 1
0 1
0.691243987559 1
0.763548208043 1
0.610091417044 1
0.441092185621 1
0.653471559391 1
0.728782742091 1
0.856978130547 1
0 1
0.629580395717 0
0.403988284589 0
0.711490638883 1
0.58554648972 1
0 1
0 1
0 1
0.420884688166 0
0.590026882684 1
0.348952419127 1
0.504827990231 1
0 1
0 1
0.31286048356 1
0.782116337565 1
0 1
0.644468992115 1
0.883094454722 1
0.67192953965 1
0.693594466189 1
0.867280320991 1
0.538034145762 1
0.793281249908 1
0.775811101658 1
0.567726416531 1
0.710532194599 1
0 1
0 1
0.316024305217 0
0.29608032287 0
1.08112367604 1
0 1
0 1
0.853409222833 1
0.711423519689 1
0.723124774187 1
0 1
0 1
0.560744607579 1
0 1
0 1
0 1
0.517009221668 1
0.385674847176 1
0.43045727377 1
0.62967562436 1
0.328358527305 0
0.719824931776 1
0 1
0 1
0 1
0 1
0 1
0 1
0 1
1.07583273632 1
0.425895475865 1
0.224060941847 1
0.283581729683 1
0.337949067299 0
1.12381563415 1
0 1
0.645756099994 1
0 1
1.05039429983 1
0.798599060973 1
0.347691739144 1
0.278133903958 1
0.665369147474 1
0.650299147538 1
0 1
0 1
0.34502945101 0
0.783344929106 1
0 1
0.923854998992 1
0.738645714833 1
0 1
0 1
0 1
0 1
0.624702040014 1
0.686366493511 1
0.283640399021 0
0.414757036734 1
0.678108606836 1
0.405022425158 0
0.666638361773 1
0.642450235328 1
0.66490469254 1
0.388429610176 1
0.68193288883 1
0 1
0.424828359911 1
0.812235477939 1
0.519015717315 1
0.617780552139 1
1.02920148941 1
0.506050709147 1
0.741941962261 1
0.142978909017 0
0.380933212083 1
0 1
0 1
0.875394696169 1
0.444589922364 1
0.867533995507 1
0 1
0.900202586259 1
0 1
0 1
0 1
0 1
0.381582191013 1
0.562240466325 1
0.796732741261 1
0.976391807731 1
0.650055236048 1
0 1
0 1
0.260998915829 0
0.812228678525 1
0 1
0.711064070812 1
0.469442501918 1
0.734027112895 1
0.450548525251 1
0.649986960699 0
0.583736260001 1
0.993181015648 1
0.435602197295 1
0 1
0 1
0.387164300683 0
0.598291484594 1
0 1
0.664412425514 0
0.551663368561 1
0.630771175393 1
0 1
0.786706807549 1
0 1
0.63253251316 1
0.949595160483 1
0.479203213523 1
0.553529922919 1
0.757616572983 1
0.706216024438 1
0.65895726787 1
0 1
0.692638209849 1
0.68632008467 1
0.523424381746 1
0.385699136296 0
0.842133521502 1
0.217711331635 1
0.688856814041 1
0.68425812885 1
0.79117219536 1
0 1
0.818819228199 1
0 1
0.455838515519 0
0.727072043402 1
0.341902658612 0
0.770846482202 1
0.45733462936 0
0.543714925235 1
0 1
0 1
0.570187653571 1
0 1
0.363714305682 0
1.00388564041 1
0 1
0.291788686305 0
0 1
0.456778913022 0
0.351545101026 1
0.802258515078 1
0.955329619929 1
0.612888358165 1
0.774242196763 1
0.294838440169 1
0.657151182669 1
0.375506636693 1
0 1
0.852729298777 1
0.867641264659 1
0 1
0 1
0.202373525291 0
0.914219697034 1
0 1
0 1
0.312717191965 1
0.290136017312 0
0.677064383168 1
0.215149455531 0
0.847901804965 1
0 1
0 1
0 1
0 1
0.536005485602 0
0.713127103478 1
0 1
0.393493443163 0
0.803081567379 1
0 1
0.762121489321 1
0.580805631281 1
0 1
0.697896258322 1
0 1
0 1
0 1
0.595338368031 0
0.380388836662 0
0.761659694682 1
1.05479492112 1
0.424767274936 1
0.639209212214 1
0.622581649542 1
0.329163450961 0
0.426084531465 1
0.66492571391 1
0 1
0 1
0 1
0 1
0 1
0.321542360608 0
0.674604925726 1
0.975788680981 1
0.715860238384 1
0.829764534961 1
0.61788382861 1
0 1
0.836710245413 1
0.357718214333 1
0 1
0.500150712934 1
0 1
0.441513449015 1
0.622896339456 1
0.927987511633 1
0.711809851319 1
0 1
0.463974374926 0
0.492502036514 1
0.81671836395 1
0 1
0 1
0 1
0 1
0 1
0 1
0 1
0.724158598469 0
0.248520159904 0
0.369020554873 1
0.367574377989 1
0.186364607654 1
0.663890870247 1
0.890967746187 1
0.772216329543 1
0.892304078139 1
0.297590946853 0
0.609685944611 1
0.584863832984 1
0 1
0.539198211237 1
0.461747271976 1
0 1
0.235394374059 0
0.648293753939 1
0 1
0 1
0 1
0.904528442962 1
0.781677347887 1
0 1
0 1
0.632618445462 1
0 1
0.754011722848 1
0.869809615261 1
0 1
0 1
0 1
0 1
0 1
0 1
0 1
0.90949008486 1
0.235219302732 0
0.631495789395 1
0.468662494523 1
0.128748670259 1
0.453089231515 1
0 1
0.690360468262 0
0.982412270469 1
0.464069291967 1
0 1
0 1
0.321294851193 0
0.791514307667 1
0.588206413241 1
0.636193597212 1
0.791018825558 1
0 1
0.398894294841 0
0.518393447406 1
0.421983686493 1
0 1
0 1
0 1
0 1
0.780003523388 1
0.276133748531 0
0.682426722352 1
0.63871655636 1
0.5651470247 1
0 1
0 1
0 1
0.158379998357 0
0.490133913673 0
0.871442735634 1
0 1
0.753730384541 1
0.521792118553 1
0.124292812717 0
0.760507426595 1
0.647308834897 1
0.9533036708 1
1.13940867843 1
0 1
0.297676343081 0
0.540545951108 1
0 1
0.538258829011 1
0.77274968945 1
0.670472507382 1
0.104513603174 0
0.682779148307 1
0.462958675826 0
0.574435627032 1
0.587346176882 1
0 1
0.756936254521 1
0 1
0.238401332182 0
0.647649070239 1
0.802176326129 1
0 1
0 1
0 1
0.0820471174948 0
0.465977982686 1
0.867905947845 1
0.547353762223 1
0.545195711503 1
0.877834228932 1
0.0487603949487 0
0.708960705698 1
0 1
0.735469376096 1
0 1
0 1
0.979193995728 1
0.620328684405 1
0.525170085353 1
0.864394143492 1
0 1
0 1
0 1
0 1
0.590795471827 1
0.527312823752 1
0.490858207514 1
0.709862590566 1
0 1
0.755315159687 1
0.389284295826 1
0.548496183261 1
0.725362971376 1
0.729300710055 1
0.644836323528 1
1.15684899719 1
0.849359069899 1
0.647091254078 1
0 1
0.181641802365 0
0.552910861016 1
0 1
0 1
0.873979306058 1
0.4525611773 1
0.531058282323 1
0.766201878715 1
0.789077441596 1
0.701412193076 1
0.866979931221 1
0.453420463883 0
0.990742977766 1
1.01155438569 1
0.810683203227 1
0.636018685646 1
0.674109610564 1
0.254723676818 0
0.680042978794 1
0.923396408244 1
0.633610793385 1
0 1
0.566988288657 0
0.783823054013 1
0.810161484925 1
0.829236171677 1
0 1
0.796024453567 1
0.629181265859 0
0.737717198236 1
0.234764859116 0
1.06874782169 1
0.604685319114 1
0.62987548151 1
0 1
0 1
0.695342818441 1
0 1
0.535733050648 0
0 1
0.549812032888 1
0.631339464718 1
0.440292582872 1
0.537418048926 1
0.500105718557 1
0.643940156288 1
0.440174216393 1
0.919181408309 1
0.80342469396 1
0.802655390026 1
0.566218899458 1
0.748947814037 1
0 1
0.5536471996 0
0.810247195705 1
0.795701573707 1
0.571397273098 1
0.384431094618 1
0.669534447962 1
0 1
0.0875682057549 0
0.212680791566 1
0.613097588331 1
1.03295563668 1
0.694282041269 1
0.661468528825 1
0 1
0 1
0 1
0 1
0.853471959063 1
0.981074380566 1
0 1
0.491637977549 1
0.769177346293 1
0.576884384983 1
0.695725006654 1
0.763687502286 1
0.617646258166 1
0 1
0 1
0 1
0 1
0.872754767762 1
0.273424939743 1
0 1
0 1
0 1
0.345538372086 1
0.516906342155 1
0.69989595425 1
0.679874303633 1
0.635308367483 1
0 1
0.701596495643 1
0.575118527459 1
0.712534609403 1
0.861780636088 1
0.999080637876 1
0.42467234488 1
0.482284156852 1
0.763977196935 1
0 1
0 1
0.678075873935 0
0 1
0.362614530169 0
0.560721019766 0
0.627417726711 1
0.792326723632 1
0.865037257018 1
0.749098840653 1
0 1
0 1
0.519610865914 1
0.508761877873 1
0 1
0.841303513635 1
0.485274300837 1
0.824910551829 1
0.365550323773 1
0.664627578068 1
0.822048832534 1
0.675449931578 1
0 1
0 1
0 1
0.451835949089 1
0.651407583178 1
0.780199463344 1
0.606767259897 1
0.487395866545 1
0.840508361226 1
0 1
0 1
0.798071108899 1
0.987869309803 1
0.48751226384 0
0.652485010297 1
0.754945629061 1
0.903999688736 1
0 1
0 1
0.445162904008 1
0.113825781619 0
0.386765477825 0
0.64444633365 1
0 1
0.672587429955 1
0.878949926674 1
0.625698212126 1
0 1
0.510820944738 0
0 1
0 1
0.505370152433 1
0.703106018492 1
0.68052305479 1
0.699871260282 1
0.663360782756 1
0.697430792016 1
0 1
0 1
0.57184055414 0
0.437684775871 0
0.374676557813 0
0.722707654105 1
0.703924932355 1
0 1
0 1
0 1
0 1
0 1
0.352371488526 1
0.65093147744 1
0.510950394629 1
0 1
0.984524771166 1
0.94174945999 1
0 1
0 1
0 1
0.65158297116 1
0.891076889771 1
0 1
0.607526339146 1
0.788050237198 1
0.208788826877 0
0.758902963581 1
0.64308415108 1
0.609309452139 1
0.491906726334 1
0.762824767563 1
0 1
1.14354188176 1
0.518733286127 0
0.941829854847 1
0.607998054353 1
1.00895009265 1
0.713614449415 1
0 1
0 1
0.705761956388 1
0.289833824387 1
1.05718040659 1
0.926338914352 1
0 1
0.939858677567 1
0.129287417832 0
0.884056329224 1
0 1
0.765049073203 1
0.605496175982 1
0.895534077018 1
1.10118446947 1
0.829655803596 1
0.698359926747 1
0.673258915768 1
0.550884616178 1
0 1
0.647498214285 1
0.447998524661 1
0.371267743222 1
0.514939144642 1
0.631637436937 1
0.73759609134 1
0.73866805632 1
0.594039459125 1
0.855032040155 1
0.703455546983 1
0.624772342245 1
0.5124368813 0
0.601479379285 1
0.222597661387 0
0.555175013697 1
0.302609380934 1
0.67632687823 1
0.473415867528 1
0.960056497903 1
0.960076950019 1
0.836312902366 1
0.805859852709 1
0.502737816451 1
0.548063286106 1
0.214524933518 1
0.780596884239 1
0.537801798192 1
0.498652584239 1
0.941586175692 1
0 1
0.740219379682 1
0.77756219952 1
0.836302660492 1
0.709017969849 1
0.844133372144 1
0.950299221559 1
0 1
0.652493759845 1
0.565532819538 0
0.667598987558 1
0.729452577262 1
0.961300721307 1
0 1
0 1
0 1
0 1
0 1
0.503492975209 1
0.627833211175 1
0.321101563523 0
0.67731155944 1
0.750537890718 1
0 1
0.656410394559 1
0.777275941974 1
0.182974769778 0
0.764778836375 1
0.612768440015 1
0.708709613233 1
0 1
0.759237501762 1
0 1
0.98266571301 0
0.374771487614 1
0.481302037343 1
0.365015943399 1
0.560383835933 1
0.584643823 1
0.356904923461 0
0.741175164049 1
0 1
0.851345164948 1
0 1
0.445341180099 0
0.92259102271 1
0.9061808647 1
0.432920242771 1
0.67247008989 1
0.701847821079 1
0.471639846993 1
0.656376257326 1
0 1
0.659562669071 1
0 1
0.602702116313 1
0 1
0 1
0.908695323516 1
0.307676018348 1
0 1
0 1
0 1
0.721654142772 1
0.903896416135 1
0 1
0.757924377109 1
0.70500430532 1
0 1
0.947188677788 1
0 1
0 1
0 1
0 1
0.531306569907 1
0.436068680311 1
0.708438749362 1
0.53558063085 1
0 1
0 1
0.884243444262 1
0.667860549303 1
0.539275560032 1
0.806019697867 1
0.528775464664 1
0.700370862588 1
0.817870001093 1
0.542483984401 1
0.627252422156 1
0 1
0 1
0 1
0 1
0 1
0.73300235245 0
0.434644929474 1
0.93216969945 1
0 1
0.797701100247 1
0.276097029419 0
0.78058899208 1
0.710438447596 1
0 1
0.168161957 0
0.932067427594 1
1.01692470275 1
0.857287965856 1
0.386236730438 0
0.784075082289 1
0.568489692697 1
0 1
0 1
0 1
0.918862895565 1
0.452734924266 1
0.998903606006 1
0.702013987694 1
0.643281175045 1
0 1
0 1
0.446295945372 1
0.644396648159 1
0.375517109925 0
0.601403592833 1
0.499753221362 1
0.519620157803 1
0 1
0.769282656284 1
0 1
0.290715709462 0
0.70324468964 1
0.778292663627 1
0 1
0.917398753546 1
0.411361481539 0
0.771009931928 1
0 1
0.87318242594 1
0.368381023623 0
0.214313286552 0
0.87538602335 1
0.766964149235 1
0.51822219135 1
0.760458214491 1
0.852800701533 1
1.04334868193 1
0.642193753148 1
0 1
0.496957971178 0
0.827407826247 1
0 1
0 1
0.52804555141 1
0.491542661704 1
0.674711174825 1
0.539633994332 1
0.189908592866 0
0.745716179818 1
0.911979770882 1
0 1
0 1
0 1
0.180619228 1
0.38702055189 1
0.552820853701 0
1.01777602435 1
0.743025788825 1
1.04227672183 1
0.494215087047 1
0 1
0.872631254379 1
0.369680162376 0
0.582283686186 1
0 1
0.851071644034 1
0.887051098281 1
0.695308289583 1
0.553431250056 1
0.466490477812 1
0.545197895491 1
1.02140516431 1
0 1
0.296360787116 1
0 1
0 1
0.56102610518 1
0.663440782074 1
0.352394537741 1
0.674188133658 1
0.810235548844 1
0.548869784498 1
0 1
0.646008603863 1
0.908973990127 1
0 1
0 1
0.878893372475 0
0.825325002689 1
0.581526574598 1
0.597319762302 1
0.407732277682 1
0 1
0.0519498481763 0
0.498277974722 1
0.804603601565 1
0.565732041133 1
0.134389844935 0
1.0846350948 1
0.481190788806 1
0.685661417657 1
0.755769774033 1
0.761820786184 1
0.212817115144 1
0 1
0.874890940659 1
0.694501640711 1
0.636137347088 1
0.421702179911 0
0.86691117861 1
0.1624953991 1
0.756168669387 1
0.544429006064 0
0.736276176036 1
0.862907582801 1
0.655698364309 1
0 1
0 1
0.547282118069 1
0.807920634389 1
0.440113524665 1
0.0 0
1.13491171499 1
0.769980946012 1
0.817632500858 1
0.561290168435 1
0.864118202636 1
0.794448914085 1
0.803504140141 1
0 1
0 1
0 1
0 1
0 1
0.663729310082 0
0.770355714541 1
0.721745166567 1
0.719803524526 1
0 1
0 1
0 1
0.421993842147 1
0.776690870544 1
0.452680795507 1
0.735983043097 1
0.270841017201 0
0.328340159204 0
0.711681255171 1
0.919460155975 1
0.821690473614 1
0.992339535888 1
0 1
0 1
0 1
0 1
1.15595242955 1
0.60006312836 1
0 1
0.597098049267 1
0.771601965617 1
0 1
0 1
0 1
0.779646265188 1
0.786672901528 1
0.419604452328 1
0 1
0.505679775789 1
0 1
0.399897584494 1
0.590721571126 1
0.718813835293 1
0 1
0 1
0.801812966448 1
0.832534773809 1
0 1
0.676969147181 1
0.8091892195 1
0.987591497024 1
0.414814448623 1
0.534593749645 1
0.805519547167 1
0.882367349342 1
0 1
0.858472349815 1
0.547724528761 1
0 1
0.447231017793 0
0.63127680197 1
0.956594136488 1
0.618423989482 1
0.50755181098 1
0 1
0.562128292227 1
1.00567461494 1
0 1
0 1
0 1
0 1
0 1
0 1
0.529409071156 1
0.728850948482 1
0.617029927608 1
1.02886929131 1
0.937226170164 1
0.516411574937 1
0.865196798251 1
0 1
0.906089381725 1
0.708483683257 1
0.808069852475 1
0.777756250055 1
0.924444378717 1
0.664828360665 1
0.52217679765 1
0.331761724857 1
0 1
0 1
0.558232346258 1
0 1
0.622739224023 1
0.509795785993 1
0.610120164716 1
0 1
0.68348031357 1
0 1
0 1
0 1
0.625120473293 1
0.885052729255 1
0.243433906208 1
0.677220314766 1
0.436043674664 1
0 1
0.130349234015 0
0.710288589972 1
1.14002625634 1
0.66234821527 1
0.435320477055 1
0.702574467674 1
0.688726640047 1
0 1
0.528265711224 0
0.629964455285 1
0 1
0.459898204914 1
0.673401563864 1
0.45138671224 1
0.73876694939 1
0 1
0.693931175871 1
0.550088446422 1
1.05424563428 1
0.253696966111 1
0.684712505868 1
0 1
0.116951179089 0
0.540384156494 1
0.993263919364 1
1.10987298473 1
0 1
0 1
0.373754145468 1
0 1
0 1
0.591852736116 1
0.777220863302 1
0.640081876073 1
0.731623678626 1
0.425009928887 1
0 1
0.582285704741 1
0.897258593874 1
0.303778594799 1
0.376260950462 1
0 1
0 1
0 1
0 1
0.712937898303 1
0.709136101092 1
0.723098681216 1
0.444549934697 0
0.878424234025 1
0.843845783976 1
0.282949069316 1
0.667165632263 1
0.796378673595 1
0 1
0 1
0 1
0 1
0 1
0 1
0 1
0 1
0.791664617437 1
0.63105969176 1
0.665013679328 1
0 1
0.732813059231 1
0.842818363954 1
0 1
0.595984296348 1
0.451119696037 1
0.766996410776 1
0.615772185066 1
0 1
0 1
0 1
0 1
0.796078746012 1
0.462944378947 1
0.696895232078 1
0.209735164363 0
0.863252576679 1
0.502442196513 1
0.806301885101 1
0.757014915626 1
0.798121792223 1
1.036544067 1
0.891487737614 1
0 1
0.677935223494 1
0.536907656525 1
0.670323145997 1
0.406775867278 1
0 1
0.666436326279 1
0.831134296678 1
0.682766176543 1
0.747050002388 1
0.296021785708 1
0 1
0.363765080229 1
0 1
0.853489928732 1
0.500034455627 1
0 1
0 1
0.123151879207 0
0.874663133101 1
0.775110399796 1
0.679360630648 1
0.672152341213 1
0.878896014211 1
0.636850625452 1
0 1
0 1
0.482694235021 0
0.513277501728 0
0.182002362736 1
0 1
0.832673758583 1
0 1
0.970937511257 1
0.576265943592 1
0.450259842883 1
0.725662887681 1
0.631382575158 1
0.722349293988 1
0.491395013838 0
0.587313294555 1
0.965739460781 1
0.932636029362 1
0 1
0 1
0 1
0.204784851072 0
0.503232513466 0
0.738019926326 1
0.537411575088 1
0.742378679216 1
0 1
0.392551417363 0
0.813001415109 1
0.528703367769 1
0.518709773743 1
0.729685247794 1
0 1
0 1
0 1
0 1
0.691590546709 1
0.569306728872 1
0.557337818928 1
0.153302819991 0
0.609965785326 1
0.18879016604 1
0.635793051034 1
0.605650162462 1
0.632382112859 1
0.689661572802 1
0.63864219209 1
0 1
1.00134711395 1
0.58195031882 1
1.00100407101 1
0.360473057541 1
0.476253596144 1
0.466618361216 1
0.908535315622 1
0.541898830298 1
0.645374767329 1
0 1
0 1
0.434245225025 1
0.760689300106 1
0.358903678763 0
0.732312654992 1
0 1
0.694996725279 1
0 1
0.609753048494 0
0 1
0.571452186433 0
0.935856415427 1
0 1
0.361963984588 1
0 1
0.674697193595 1
0.31534180168 0
0.436590547407 0
0.898520553697 1
0 1
0 1
0 1
0 1
0 1
0.322944372939 0
0.530592968731 1
0.343114768012 1
0.687958990844 1
0.77929610342 1
0.675570867557 1
0.714468515626 1
0.604981343487 1
0.625376021281 1
0.769607185312 1
0 1
0 1
0.452982202361 1
0.699647113353 1
0.70475969099 1
0 1
0.672849149438 0
0.688207820154 1
0.120048989494 0
0.340367743821 0
0.607270172523 1
0 1
0.511719771176 1
0.681797115641 1
0.389837667709 0
0.571649931613 1
0 1
0 1
0.427375704322 0
0.654428441531 1
0 1
0.404036567134 1
0 1
0 1
0 1
0.536784854636 0
0 1
0.784203599261 1
0.354042740483 1
0.777596413601 1
0.659707427249 1
0.926325706651 1
0.885748207957 1
0.680582734941 1
0.864378994002 1
0.485769683693 0
0.791810635534 1
0 1
0 1
0 1
0.803650558092 1
0.917064377255 1
1.04930180715 1
0.453916648176 1
0.804171873307 1
0.724743439065 1
0.594192978047 1
0 1
0 1
0.843525634928 1
0.606158052225 1
0.613949682907 1
0.936994535215 1
0.968171180672 1
0.154341484013 1
0.636182662102 1
0.693720476894 1
0.982738677259 1
0.821950316577 1
0.889416798242 1
0.82017572012 1
0.766135318068 1
0 1
0.705277268449 1
0.15806281791 0
0.56277680395 1
0.159167904177 0
0.624993604775 1
0 1
0.483275384659 0
0.650414623807 1
0.642889384354 1
0.695823673514 1
0.547409604252 1
0.96890197262 1
0.78575180528 1
0.884333985551 1
0 1
0.827590789423 1
1.18434960997 1
1.06392101166 1
0.911764227213 1
0.105175940317 0
0.829482581017 1
0.942807425882 1
0.87824633542 1
0.856481962884 1
0.569244850968 1
0.89427766287 1
0 1
0 1
0.566543599185 1
0.698832112949 1
0.214615858377 1
0.640508520292 1
0.456977345812 1
0.616681948241 1
0.881536731855 1
0.469216261164 1
0.868658529317 1
0.510056097565 0
0.808594696328 1
0 1
0 1
0.993641565211 1
0.61219624865 1
0.71646845082 1
0.697756178462 1
0.649645953045 1
0 1
0.616490942317 1
0.497752261009 0
0.9540065664 1
0.994677668392 1
0.704230952752 1
0.947777205193 1
0.740298831271 1
0.403402265557 1
0.671074700104 1
0.463655163122 1
0.857271885371 1
0.411973438887 0
0.377910392036 0
0.61354515704 1
0 1
0 1
0.238453209668 0
0.82202548304 1
0.716853447435 1
0.916373833598 1
0.398653525236 1
0.605934850365 1
0 1
0.351666719563 0
0.514473834402 1
0.422430008012 1
1.02268921841 1
0.849691969371 1
0 1
0.0910888308872 0
0.701061483388 0
0.739611648433 1
0.753278206094 1
0.475519694493 1
0.811592351102 1
0 1
0 1
0.673732509959 1
0.855765245311 1
0 1
0 1
0.609577816132 1
0.721135630657 1
0.590830863176 1
0.520202343624 1
0.882227113208 1
0.981379219835 1
0.749343053368 1
0.67469312865 1
0.889242814907 1
0.655445630174 1
0 1
0 1
0.545096880238 0
0.315704302985 0
0.585957810991 0
0.575010855192 1
0.425059852279 0
0.77236257705 1
0 1
0.469842198373 0
0.524112984445 1
0.50495047563 1
0.506490316503 1
0.356695548931 1
0.888567345965 1
0 1
0.754871174746 1
0.84795656509 1
0.736293368128 1
0.291994536384 1
0.682242512258 1
0.307079144505 1
0 1
0 1
0 1
0 1
0 1
0 1
0 1
0 1
0 1
0.462633060589 1
0 1
0 1
0 1
0 1
0 1
0 1
0 1
0 1
0 1
0 1
0 1
0 1
0 1
0 1
0 1
0 1
0 1
0 1
0 1
0.901038834187 1
0.708670638656 1
0.547362742769 1
0.569516963179 1
0.514829375489 1
0.296043362187 1
0.788354302336 1
0 1
0 1
0 1
0.405025714946 0
0.832251256407 1
0 1
0.883818675598 1
0 1
0 1
0 1
0 1
1.00569554817 1
0.681732359904 1
0.190703519121 0
0.767306956228 1
0.568344137256 0
0.815042736477 1
0.492979685774 1
0 1
0.851777744839 1
0.607698516497 1
0.634101021634 1
0.668002739822 1
0.998614067058 1
0.622310003137 1
0.728870940994 1
0.555785402567 0
0.557722496675 1
0.771755948109 1
0.371832267302 0
0.726146490043 1
0 1
0.871689695783 1
0.577875316218 1
0.620198757889 1
0.426576661458 1
0.250870009396 0
0.507578607204 1
0.798114777855 1
0.615801575505 1
0.679178132296 1
0.924986178244 1
0 1
0 1
0 1
0.640412976546 1
0.519254455331 1
0.709250318369 1
0.593820637265 1
0.615339379393 1
0.789018436672 1
0.351517894606 1
0.708681412517 1
0 1
0 1
0 1
0 1
0.429449387694 0
0.727131096474 1
0.787844769648 1
0.965247897121 1
0 1
0.767259071823 1
0 1
0 1
0 1
0 1
0.317023129688 0
0.749779685094 1
0.317723592299 1
0.76724414531 1
0 1
0.489366343037 1
0.514831956071 1
0.214636728152 0
0.602910243498 1
0.489023215442 1
0.364146799576 1
0 1
0 1
0.517862580501 0
0.167123926591 0
0.42487953816 1
0.463616180269 1
0.396494613079 1
0.137163520295 1
0.716399389808 1
0 1
0.840138049831 1
0.562999529367 1
0.328970481288 1
0.545888201897 1
0.487527431897 1
0 1
0 1
0 1
0 1
0.807772117888 1
0.877926643326 1
0.463028056789 1
0.5769206262 1
0.859409466308 1
0.636620004071 0
0.336265074467 1
0.842173442512 1
0.820584458239 1
0 1
0.732224695053 0
0.551269692302 0
0.486108444103 1
0.858138287973 1
0.745214530535 1
0 1
0 1
0 1
0.93152125729 1
0.38104438706 1
0.887366793896 1
0 1
0 1
0 1
0 1
0 1
0.334798370869 0
0.39225297715 0
0.567634690079 1
0.48999976305 1
0.610260395307 1
0.459126412967 1
0.750154072221 1
0.761943524077 1
0.795585471488 1
0.692572502786 1
0.224307197596 1
0 1
0.774322743551 1
0.406328912264 1
0.799869306894 1
0.863719143732 1
0.590979698019 0
0.678535242542 1
0.737224690844 1
0.433374844252 1
0.72968126357 1
0.730441966835 1
0 1
0.547145706483 1
0.718628524943 1
0.559667263125 1
0 1
0 1
0.617501954667 1
0.326576015969 1
0.555673914087 1
0.553080787805 1
0.770117965122 1
0.632095007573 1
0 1
0 1
0.193771024234 1
0.892746489418 1
0.49539719018 1
0.643258051633 1
0 1
0.681283754599 1
0.863419857388 1
0 1
0.67808695948 1
0 1
0.333064542984 0
0 1
0.957226407892 1
0.815167515912 1
0.292155945072 0
0.50284109766 1
0.692382578846 1
1.03345039571 1
0.640711483385 1
0.162076883908 0
0.94539382516 1
0.385647426056 0
0.655967187368 1
0.675023446266 1
0.773371103684 1
0.800517193175 1
0.513792899957 1
0 1
0.833161804631 1
0.403576101954 1
0.496928907151 1
0.144360080122 1
0 1
0.757540241708 1
0.290810787761 1
1.01317016838 1
0 1
0.452153749075 1
0.738223127947 1
0.394660160865 1
0.646137663362 1
0.602791883403 1
0 1
0 1
0.725830711059 1
0 1
0 1
0.438719067034 0
0.898274773582 1
0.77568336049 1
0.636051254433 1
0.619544850461 1
0.404964924538 0
0.687815553257 1
0.544021251399 1
0 1
0.429664686427 1
0.522033128405 1
0.642997355886 1
0.925696870137 1
0 1
0.424456570191 0
0.881768284372 1
1.03215734643 1
0.553818683189 1
0 1
0 1
0.472513833716 1
0.70651687579 1
0.681104842889 1
0.731790933679 1
0 1
0.546680861108 1
0.643352117355 1
0.405235470254 1
0.799558524187 1
0.805640087302 1
0 1
0.482301964103 1
0.876820559239 0
0.310704765189 1
0.595353600812 1
0.720111651432 1
0 1
0.966268519906 1
0.780605480273 1
0.128474769709 0
0.89889773994 1
0.559467820754 1
0.916884304962 1
0.469645247459 1
0.533160709939 0
0.844053366046 1
0.794479152906 1
0 1
0.512727428641 0
0.863538836958 1
0 1
0.619342897981 1
0.873347424555 1
0 1
0.612940715188 1
0.798173050212 1
0 1
0.485813288402 0
0.728822505253 1
0 1
0 1
0.319098045648 0
0.307487894253 0
0.620038210187 1
0.143240075168 0
0.451986027375 1
0 1
0 1
0.459557584737 1
0.618558052689 1
0 1
0 1
0.265048201719 1
0 1
0.574190011508 1
0.987021878928 1
0.984231645772 1
0 1
0.648870866836 0
0.283015627238 0
0.526058288316 1
0 1
0.51280906816 0
0.898182276388 1
0.388525474656 0
0.834746718147 1
0.632863686725 1
0.658774851118 1
0.831199613645 1
0.903964696327 1
0.901108609606 1
0.234923283725 0
0.227141649303 0
0.437366721736 1
0 1
0.588501572234 1
0.679369158739 1
0.646083514467 1
0.656916576928 1
0.798105707137 1
0.665332585332 1
0 1
0.799251797081 1
0 1
0 1
0.193210795997 0
0.377304072705 0
0.491382269284 0
0.647253524099 1
0 1
0 1
0 1
0 1
0.930088987976 1
0.821403364504 1
0.938469225899 1
0.783328751769 1
0.724215473548 1
0.218488737702 0
0.858039140172 1
0 1
0 1
0 1
0 1
0.605312430804 1
0.849793357985 1
0.72665578603 1
0 1
0 1
0.721165943424 1
0 1
0 1
0.803567276426 1
0 1
0 1
0.770976099071 1
0.307373519309 1
0.682834303853 1
0 1
0 1
0 1
0 1
0.646305868023 1
0.742434229515 1
0.531766885348 1
0 1
0.692149139746 1
0.709848676625 1
0.780030313918 1
0 1
0.694588128236 1
0 1
0.92265164597 1
0.258152585576 1
0.0488603979838 0
0.566907746898 1
0.289217194978 1
0.693497579351 1
0.712644780657 1
0.566098678965 1
0.588703754284 1
0 1
0 1
0.464814212638 1
0.624682425469 1
0 1
0 1
0.657243597626 1
0.783224377438 1
0.819763680784 1
0.49538031969 1
0.532465229363 1
0.21499304452 0
0.592709532294 0
0.348181638284 0
0.767118211744 1
0.39530297424 0
0.370418129124 1
0.876431877137 1
0 1
0 1
0 1
0.711426478966 1
0 1
0.640866023778 1
0 1
0.408750635621 0
0.153108520345 1
0.406339385419 1
0.91322906058 1
0.765333367714 1
0.864561574805 1
0.430737272046 0
0.756335078414 1
0 1
0 1
0.872583839124 1
0.325631723218 1
0.764814219157 1
0.28634906797 1
0.757665626544 1
0.739945313204 1
0.818457510637 1
0 1
0.500262823085 0
0.796318993572 1
0 1
0.478358908177 1
0.59894375866 1
0.523415710569 1
0.663538368527 1
0 1
0 1
0.476805546942 0
0.953470088217 1
0.900152741607 1
0 1
0.451026650436 0
0.78959063149 1
0 1
0 1
0 1
0.609962500886 1
0 1
0.759742510373 1
0.737522500268 1
0.551160860137 1
1.00954173467 1
0 1
0.606176654479 1
0 1
0 1
0 1
0 1
0 1
0.431111334502 1
0.729227590296 1
1.03595382822 1
0 1
0.501619143098 1
0.711608141997 1
0 1
0 1
0.42062758174 1
0 1
0.448336021374 0
0.47800577133 0
0.892708990569 1
0 1
0 1
0.678259768452 1
0.957143666975 1
0.873487270283 1
0 1
0.391925712603 0
0.54041406977 1
0.456800701387 0
0.953119452143 1
0 1
0.767227433485 0
0 1
0.568294069918 0
0 1
0 1
0.851246957887 1
0.954709842868 1
0.736237119387 1
0 1
0 1
0 1
0.317118524082 0
0.653617822692 0
0.703352030074 1
0.387773138819 0
0.57848375579 1
0.710286642853 1
0.734215389267 1
0.632432186968 1
0.85834891776 1
0.705161410971 1
0 1
0.864560553774 1
0 1
0.315203292508 1
0.470787269452 1
0.858561257288 1
0 1
0.141624378276 0
0.935687504835 1
0 1
0.702393912353 1
0.581790704556 1
0.723500699688 1
0.143994308042 1
0.852921566539 1
0.758389694084 1
0.600429775014 1
0.810368209287 1
0.0825045347856 1
0 1
0.342082342696 1
0.873687116701 1
0.669887578871 1
0 1
0 1
0.709528676317 1
0.88869071437 1
0.779344544377 1
0.709291488302 1
0.773171640204 1
0.731772579157 1
0.757084307921 1
0.712042266283 1
0.722636016172 1
0 1
0.246976421846 1
0 1
0.633803603551 1
0.709763527767 1
0 1
0 1
0.503600949115 1
0.584939698302 1
0.757583839287 1
0.785509075637 1
0.787386727144 1
0.631945562755 1
0.741725400081 1
0.513378679035 1
0.583822270902 1
0 1
0 1
0 1
0 1
0.204025319791 0
0.680487269516 1
0.215707972285 0
0.356830316788 1
0.523779998008 1
0.994899847111 1
0.790248042696 1
0.739942733554 1
0 1
0.580438205535 1
0.118632978852 0
0.175541402487 0
0.710281412927 1
0.918961483158 1
0.341581491067 1
0.992213363903 1
0.853369926068 1
0 1
0.481665791423 1
0.735658991062 1
0.333301724118 1
0.701512262795 1
1.15032173227 1
0.961059154093 1
0.817780385433 1
0.772484845848 1
0.830303989124 1
0 1
0.197624765989 0
0.679780780766 0
0.77995867102 1
0.817108908933 1
0.631683138896 1
0.672707111963 1
0.771321022959 1
0.683473291566 1
0.869749311542 1
0.565323830034 1
0.854005473221 1
0.365608046169 0
0.866617810926 1
0.375935001967 1
0.568357658186 1
0.606939152318 1
0.796953997952 1
0 1
0.628605241082 0
0.568876175522 1
0.125845549074 0
0.513698521164 1
0.873614533531 1
0.351383445783 1
0.83627087423 1
0.441066801351 1
0 1
0.805525783863 1
0.786586092046 1
0.724014299077 1
0 1
0.737432974721 1
0.955840075031 1
0 1
0.620336890507 0
0.652422598383 1
0 1
0.803718983126 1
0.478295399745 1
0.710634465441 1
0.545343684958 1
0.793554532148 1
0 1
0.68588438157 0
0.545547117787 1
0.72560032385 1
0 1
0 1
0.893353677048 1
0 1
0 1
0.630810172252 1
0.527503908716 1
0.588564454561 1
0.630143762342 1
0.803362663433 1
0.500286646139 1
0 1
0.553463364323 1
0 1
0 1
0.521589996816 1
0.767232656391 1
0.438402671017 1
0 1
0 1
0.715515878884 1
0.643220556004 1
0 1
0.778616180593 0
0.816543215288 1
0.664278680589 1
0.743862424707 1
0.5464570379 1
0.590851957701 1
0.749015940206 1
0.39687602176 1
1.00707524179 1
0.763639622865 1
0.875888050619 1
0.62672961733 1
0.724279776869 1
0 1
0 1
0 1
0.524022584901 1
0.404520718031 1
0 1
0 1
0.752869927083 1
0.612757503337 1
0.295892900113 0
0.56228500409 1
0.698876577272 1
0.414901325372 0
0.728711872317 1
0 1
0.908696648304 1
0.698763442698 1
0.485194300555 1
0.715925085252 1
0.352014532651 1
0 1
0.527991796904 0
1.1144908669 1
0 1
0.655106330897 1
0 1
0 1
0 1
0.352775010279 1
0 1
0.556414532094 0
0.669353209824 1
0 1
0 1
0.632134134622 1
0.608424453286 1
0 1
0.682831970504 1
0 1
0 1
0 1
0 1
0 1
0 1
0 1
0 1
0 1
0 1
0 1
0 1
0 1
0 1
0 1
0 1
0 1
0 1
0 1
0 1
0 1
0 1
0 1
0 1
0.282390710678 1
0.491213218762 1
0.906884225943 1
0.98114351697 1
0.747998521702 1
0.418136717541 1
0 1
0 1
0.781524854202 1
0.538508827823 1
0 1
0 1
0.45781093485 0
0.396854305282 1
0.848036102881 1
0.843390008477 1
0.751999851005 1
0.44266624891 1
0.861404140693 1
0.620082190736 1
0.460298211379 1
0.664575630591 1
0 1
0 1
0.692982268621 1
0 1
0 1
0.811649300823 1
0 1
0.676529629241 1
0.528615636659 1
0 1
0.732171563915 0
0 1
0.536924691301 1
0 1
0.47451640809 1
0.850666026664 1
0.748165468022 1
0.892096797607 1
0.431314846674 1
0.810537346502 1
0.687248518271 1
0.817384453363 1
0.803897112843 1
0.709750857032 1
0 1
0.56763625903 1
1.00294743507 1
0.41067969597 1
0 1
0.448340710455 0
0.719886798061 1
0.826884143345 1
0.776173127984 1
0.789288906445 1
0.738454929693 1
0 1
0.916120553507 1
0.924044609356 1
0.794096645833 1
0.564187344745 1
0.603052345351 1
0 1
0.66201314031 1
0.603522824659 1
0.732409851704 1
0 1
0.761979061309 0
0.507660708255 1
0.603386256945 1
0.909373757264 1
0.888725232936 1
0.671011647856 1
0.781437815486 1
0.884555162403 1
0.472368992397 0
0.971183132811 1
0.267795391866 1
0.850850714388 1
0.591367898261 0
0.950470934177 1
0.563320630978 0
0.822548279353 1
0.820038133671 1
0.582620394699 1
0.725033286099 1
0 1
0 1
0.220227346418 0
0.564040006439 1
0 1
0.552277891844 1
0.567812027303 1
0.595751804186 1
1.00898304915 1
0.669035780839 1
0.867194454155 1
0.172565785589 1
0.601915233502 1
0 1
0.621004001033 1
0.762794849462 1
0.59315414962 1
0.803273991647 1
0.91896617882 1
0.4663354668 0
0.927674772198 1
0 1
0.494588910015 1
0 1
0.70486320904 1
0.531183756894 1
0 1
0.223469380408 0
0.528712187944 0
0.639471799196 1
0.96771367641 1
0.578683054983 1
0.504393750608 1
0.724645706642 1
0.70623304805 1
0.6429404024 1
0 1
0 1
0.488043828701 1
0.804170704015 1
0.673844455169 1
0.750348757802 1
0.538150552794 1
0 1
0 1
0.708814699093 1
0.433204613847 1
0.881382733302 1
0.761053760099 1
0 1
0.477888053671 0
0.551985544854 1
0 1
0.648371257463 1
0 1
1.08011804957 1
0.517336721269 1
0 1
0 1
0 1
0 1
0 1
0.526283674145 0
0.329495945854 0
0.631843830171 1
0.499177196312 1
0.803358443069 1
0.966641884448 1
0.269022424919 1
0.269985151991 1
0.69969336154 1
0 1
0 1
0.574365932745 0
0.809608515711 1
0.784198279262 1
0 1
0.490764533016 1
0 1
0 1
0.910643053458 1
0.65752618496 1
0.590964229205 1
0.296518988572 0
0.715325157226 1
0.835980007479 1
0.838870864382 1
0.558106481668 1
0 1
0.85174898592 1
0 1
0 1
0 1
0.706953521031 1
0.55704524305 1
0.893912809762 1
0.69319250516 1
0.680252980024 1
0.71174477042 1
0.347773358277 1
0.464300241575 1
0.90647851489 1
0.373417359652 0
0.645602109608 1
0.49520008709 1
0 1
0.594950391688 1
0.606305392526 1
0.844839854518 1
0.752373524034 1
0 1
0.796787424575 1
0 1
0 1
0.31041492594 0
0.407956646096 0
0.980771877881 1
0.579842511553 1
0 1
0.563154695893 1
0.680346098844 1
0.772761811487 1
0.213383287383 1
0 1
0.810841724802 1
0.63230078828 1
0.725761719046 1
0 1
0 1
0.492620859014 0
0.828476169218 1
0 1
0 1
0 1
0.666175633188 1
0 1
0.891023525156 1
0.328787505005 1
0.660200401881 1
0 1
0 1
0.526513118744 1
0.748577894293 1
0.667010621629 1
0.907490167457 1
0.680674303554 1
0 1
0.766883362367 1
0.913178830207 1
0 1
0 1
0.860030939171 1
0.31751172438 1
0.53394063044 1
0 1
0.475189848727 0
0.778099920945 1
0.770533053534 1
0.965011567047 1
0.832198292165 1
0.344285476463 0
0.561774220542 1
0.720741958804 1
0 1
0.898756874513 1
0.656609689514 1
0 1
0.576079219019 1
0.459534140196 1
0.85659945823 1
0.776269310582 1
0.744565857723 1
0.710311882745 1
0 1
0 1
0 1
0.907612042798 1
0.742955013803 1
0 1
0.970937511257 1
0.892039145302 1
0.534106877836 1
0.169258210345 0
0.704666570883 1
0 1
0.309727809164 0
0.575137038787 1
0.833314378643 1
0.84471360332 1
0.800912809983 1
0 1
0.577123212521 1
0 1
0.500020866121 1
0.455070159252 1
0.690628437306 1
0.519021633218 1
0.617865477062 1
0.281352113444 0
0.790412665166 1
0.721272578117 1
0.829454459773 1
0 1
0 1
0.819135477987 1
0 1
0.386944375942 0
0.848588442669 1
0.482917497066 0
0.764974218301 1
0 1
0 1
0 1
0 1
0 1
0 1
0 1
0 1
0.734642121393 1
0.420504851637 1
0.61615858801 1
0.741548133802 1
0.704592665989 1
0.83389665485 1
0 1
0 1
0 1
0 1
0 1
0 1
0 1
0 1
0 1
0 1
0 1
0.581358290884 1
0.381705482656 0
0.55793984343 1
0.798772349345 1
0.135003749466 1
0.767362660727 1
0 1
1.03866608945 1
0 1
0.806395871483 1
0.83967273552 1
0.765717041801 1
0.453503054096 1
0.440658452086 1
0.697280621654 1
0.771680636163 1
0 1
0 1
0 1
0 1
0 1
0 1
0 1
0.621480780002 1
0 1
0 1
0.856002664797 1
0 1
0.994870866731 1
0 1
0 1
0.501949304536 1
1.0240250876 1
0.809989216315 1
0.493927348608 1
0.793201329371 1
0.790087974534 1
0.815247347919 1
0.668144618072 1
0 1
0 1
0 1
0.726929147737 1
0.491463137051 1
0 1
0 1
0.695905012591 1
0.844481104788 1
0.771885012242 1
0.573406342729 1
0.528591876892 1
0.668179390092 1
0.67783774794 1
0.712151650374 1
0.840361413471 1
0.834670318696 1
0.774262975548 1
0.429420555034 1
0.713614449415 1
0.836963670891 1
0.67022445745 1
0.678397968996 1
0.775955692598 1
0.945600863057 1
0 1
0 1
0.483737974892 1
0 1
0.656475224942 1
0.668949379825 1
0.302845391599 0
0.427597904373 1
0.729337669314 1
0 1
0.441647432063 1
0.444491728168 1
0.749030393027 1
0.696883825832 1
0.630817809625 1
0.685657188052 1
0 1
0 1
0.762086488913 1
0 1
0.463370009139 0
0.781902037444 1
0 1
0 1
0.527382112074 1
1.03508352319 1
0.958760077561 1
0.831255158219 1
0.822570016086 1
0.568525324098 1
0.449419998596 1
0.751206329688 1
0.514536248985 1
0.797715783689 1
1.13558243322 1
0.833436414715 1
0.416997190988 1
0.0851932141322 0
0.702358130808 1
0 1
0.732777107556 1
0 1
0.588616963042 0
0 1
0.688372961282 1
0.68352867832 1
0.717257897187 1
0.663080088117 1
0.837240556494 1
0 1
0.875669228563 1
0.499392511843 1
0 1
0.321483441231 0
0.562538600012 1
0.486273355528 1
0 1
0 1
0 1
0 1
0 1
0 1
0 1
0 1
0 1
0 1
0.602367897128 1
0.431415705726 1
0.685825396077 1
0.456342271637 1
0.553796721116 1
0.541982739242 1
0 1
0.661549302537 1
0.66547251131 1
0.932837818756 1
0.889166728458 1
0.68389039946 1
0.336875321637 1
0.525616966489 1
0 1
0.563107975496 1
0.538924779495 1
0.734267192484 1
0.643820234792 1
0.701382508842 1
0.63010398636 1
0.693018748317 1
0 1
0.552803450201 0
0.994246577635 1
0 1
0 1
0 1
0.504537671901 0
0.841454540319 1
0.720849147043 1
0.90650788955 1
0.91485211372 1
0.542055941197 1
0.733299461818 1
0.321245629612 0
0.795192344404 1
0.607230638785 1
0 1
0 1
0.387412972951 1
0.679275861267 1
0.774890778967 1
0.467674300108 1
0.677804221842 1
0.458834223874 1
0.304525010321 1
0.732639610165 1
0.59662140403 1
0 1
0 1
0.633858132179 1
0.597812823718 1
0 1
0 1
0.124998212383 0
0.71082648744 1
0 1
0.879439217616 1
0.775659445204 1
0.75213312583 1
0.773514222211 1
0.788574308163 1
0.817089070507 1
0.629051729694 1
0.834748757594 1
0.664916958986 1
0 1
0.493932578985 0
0.865345156118 1
0.64282687858 1
0.704620171719 1
0.346766963254 0
0.550727278506 1
0.530341645745 1
0.785601958042 1
1.00071009211 1
0 1
0.464080941825 1
0.766379374373 1
0.882751172986 1
0 1
0 1
0.369769294058 0
0 1
0 1
0.537693122697 1
0 1
0 1
0.353418363639 0
0.352872983195 1
0 1
0 1
0.622753993144 1
0.515434608675 1
0.44293781653 1
0.411110165051 1
0 1
0 1
0 1
0.404221103282 1
0.571843592412 1
0.484299691808 1
0.704395475701 1
0.611513046575 1
0.667213435177 1
0 1
0 1
0.240269302404 0
0.469188831949 1
0.844641644809 1
0 1
0 1
0.309100857731 0
0.270889149388 1
0.214778989331 1
0.0715977345417 1
0.684620155035 1
0 1
0 1
0.266455009579 0
0.303800705306 0
0.519245167371 0
0 1
0.58178939517 1
0.603992579282 1
0.74395242064 1
0.406015088312 1
0 1
0.708577032548 0
0.263574773063 0
0.95675102216 1
0.668123197944 1
0.864004463993 1
0.589793520549 1
1.07295765469 1
0.890208672055 1
0.329645248827 0
0.680487666333 1
0.867297738338 1
0.256700385722 1
0 1
0.154205387872 0
0.676011019287 1
0.40460398911 1
0.764315482325 1
0 1
0.707321020119 0
0.322273985599 1
0.468774853808 1
0.683045479355 1
0.820796101512 1
0 1
1.05699180293 1
0 1
0.446158366877 1
0.702932581617 1
0.983124461878 1
1.00798610088 1
0.339154141594 0
0.674464930936 1
0.326465079384 0
0.788231256002 1
0 1
0 1
0 1
0.546751174125 1
0.45422688711 1
0.272248516622 1
0.65691226756 1
0.76099211653 1
0.715387514384 1
0 1
0.732918591421 0
0.520514930514 1
0.287137653632 0
0.85829774439 1
0.728771412351 1
0.359211726896 0
0.779090394272 1
0 1
0.461710709816 0
0.374356566927 0
0.679044223226 0
0.392495325696 1
0.219376249198 0
0.988824846619 1
0.799070091512 1
0.421074226857 0
0.147769220285 0
0.796410393187 1
0.404176957573 0
0.609950163149 1
0 1
0 1
0 1
0 1
0 1
0 1
0 1
0.667155482598 1
0.557601018473 1
0.743173289585 1
0.801714849809 1
0.761725551029 1
0 1
0.498683606903 1
0.324846730119 0
0.682805940006 1
0.771765712858 1
0.736851722187 0
0.179714373613 1
0.725231651837 1
0.514142825296 1
0.92469781791 1
0.898775469683 1
0 1
0 1
0.571064851125 1
0.457757659197 1
0 1
0 1
0 1
0 1
0 1
0.640197515664 1
0.50471180201 1
1.07761352609 1
0 1
0 1
0 1
0 1
0 1
0 1
0.633765945523 0
0.502596094526 0
0.317680550703 0
0.767871091585 1
0.538509777499 1
0.759436257691 1
0.391383917678 0
0.776599613042 1
0 1
0.748921797941 1
0 1
0 1
0 1
0.109971094199 0
0.132205007004 0
0.666637427395 1
0.516638999407 1
0.85502757761 1
0 1
0 1
0.438455860741 1
0.617377968748 0
0.813060941447 1
0.646814067287 1
0.285592814408 1
0 1
0.517083524765 1
0.778841641632 1
0.657264376374 1
0 1
0.368888898857 0
0.60534804783 1
0.424966174079 1
0.978479998094 1
0.413409297008 0
0.473979605627 1
0.581382978076 1
0.650227425514 1
0.733402039124 1
0.639163916504 1
0 1
0 1
0.80455063836 1
0.81645835705 1
0 1
0.920480794076 1
0.867814384247 1
0.801502892947 1
0.767582194886 1
0.84866468923 1
0 1
0.0881237654958 0
0 1
0 1
0.876954608344 1
1.09007649161 1
0.747816957183 1
0 1
0.839681726112 1
0.636007890504 1
0.601891884263 1
0 1
0 1
0.980885155069 1
0.805356017901 1
0.581367579094 1
1.02159624506 1
0.779442350405 1
0.718648609573 1
0.354516177586 1
0 1
0.946663993792 1
0 1
0 1
0 1
0.996963286699 1
0.504972582972 1
0.718108443544 1
0 1
0.506931571768 1
0.436412962646 0
0.91745758552 1
0.699730080661 1
0.673263362797 1
0.633158213555 1
0.610874454997 1
0.820804779401 1
0 1
0.664203129059 1
0.881830393915 1
0.989658439945 1
0 1
0 1
0 1
0 1
0.533973527573 1
0.344407746844 1
0.77738813091 1
0.355755860374 1
0.646882909665 1
0.532691177042 1
0 1
0.686931336382 1
0.336249372877 0
0.515332581591 1
0.462223675982 1
0.258514218823 0
0.516468597826 1
0.705642973868 1
0 1
0 1
0.743012820031 1
0.647087113035 1
0.487903591175 1
0 1
0.749355863692 1
0.937633522709 1
1.03154961124 1
0.541966644078 1
0.675248521139 1
0.942297350199 1
0.624773059509 1
0.59347305215 1
0.789902036678 1
0.928883905754 1
1.20572320909 1
0.607121797912 0
0.415187826935 0
0.445085875736 1
0.776555079002 1
0.535446959644 1
0.490943135911 1
0.756627810198 1
0.498142977477 1
0.732159143323 1
0.69837461083 1
0 1
0 1
0.355198834269 0
0.531538430997 0
0.434382658378 1
0.552794384554 1
0 1
0 1
0 1
0.708646644408 1
0.652045317466 1
0.882638908525 1
0.363761100753 1
0.606026491761 1
0.428355637224 1
0.322692903525 1
0.541956408134 1
0.801814221332 1
0.727498132429 1
0.959182273574 1
0.472411881829 1
0.603733995386 1
0.758609074242 1
1.00315742761 1
0.581197742732 1
0.723220867468 1
0.620489144322 1
0 1
0 1
0 1
0.708583921997 1
0.683964933006 1
0.308858276104 0
0.791073450697 1
0.81034539162 1
0.61451563709 1
0.566821093026 1
1.09688203626 1
0.934070558679 1
0.52431219886 1
0 1
0 1
0 1
0.465218440505 1
0.678176410625 1
0.444662126111 1
0.293309543168 1
0.730445078617 1
0.509680938436 1
0.368095321183 0
0.736509686313 1
0 1
0 1
0.597732264951 1
0.471745790083 0
0.869277652374 1
0 1
0 1
0 1
0.557425483958 1
0.646452261982 1
0.605437823061 1
0.609995482833 1
0.801745240561 1
0.978869849706 1
0.853299998463 1
0.497348758173 1
0.664053051379 1
0.367609688925 1
0 1
0.188378444351 0
0.882518524128 1
0.762224608762 1
0 1
0.905687977657 0
0.631921883497 1
0.711990711689 1
0.781356651033 1
0.854375236546 1
0.980878061847 1
0.713432896269 1
0.466385160972 1
0.317258366091 1
1.08729773849 1
0.806670082116 1
0.594935786131 1
0.581562038893 1
0 1
0 1
0.803740485777 1
0.872553675591 1
0.833293911574 1
0.605641956618 1
0.935739002549 1
0 1
0 1
0.604584612985 1
0.678536020469 1
0 1
0.453216484449 0
0.723598756746 1
0 1
0 1
0.81359773893 1
0.490420713769 1
0 1
0.331480083142 0
0.709865232558 1
0.318826729973 1
0 1
0.897094924804 1
0.600314998002 1
0.698311651819 1
0.0648992245724 0
0.674230942514 1
0.788123208996 1
0.299787191262 1
0.542620770098 0
0.902222033734 1
0.775648360733 1
0.888498298324 1
0 1
0.582316175906 1
0.594065014817 1
0.658107966893 1
0.803556562961 1
1.03995992699 1
0 1
0.600075307212 1
0.763938126848 1
0 1
0.249526655108 0
0.662283125786 1
0 1
0 1
0.112082970601 0
0.45570304551 1
0.496927120395 1
0.858853755954 1
0.983579150535 1
0.622776554775 1
0 1
0.495690782996 0
0.317705555018 1
0.890347574724 1
0.372923202523 1
0.492005004008 1
0.63004383827 1
0.832636100687 1
0.604106172405 1
0.607155559165 1
0.353879301957 0
0.771764068787 1
0 1
0.708975865592 1
0.170645696627 1
0.466710625798 1
0.722561411918 1
0.774194852189 1
0.707327111205 1
0.753606028457 1
0 1
0 1
0.371122033785 0
0.4357617999 1
0.177021333594 0
0.708947262438 1
0.72832391567 1
0.836017668613 1
0.84818383105 1
0 1
0.491794930809 0
0.257989833372 0
0.405988360591 1
0 1
0.775459928273 0
0.746657748901 1
0 1
0 1
0 1
0 1
0.363121250112 0
0.459927893272 1
0.797126331828 1
0.894854145177 1
0.726376176995 1
0.503563676953 1
0.958087266291 1
0 1
0.476724852534 0
0.634894994256 0
0.78178297476 1
0.635897501039 1
0 1
0 1
0 1
0.393030155002 1
0.145771351641 1
0.312935389867 0
0.241625386421 1
0.404003755094 1
0.813421879439 1
0.71232609621 1
0.736758286172 1
0.714473436502 1
0.572712894274 1
0 1
0.928346573952 1
0.9674554685 1
0.884387271295 1
0.377713677127 1
0.932020940682 1
0.867737507516 1
1.00919243386 1
0.762380076531 1
0.702907650621 1
0.67822461274 1
0 1
0.623350241286 0
0.106588759273 1
0.52961508211 1
0.446948600903 1
0 1
0.205913447204 0
0.201231645452 0
0.242774458194 1
0.913404384019 1
0.798171023572 1
0.528055147734 1
0.578440239534 1
0.966659377637 1
0.419338135208 1
0.745556959056 1
0.579128058572 1
0.566065948975 1
0.929725627967 1
0.400710785044 1
0 1
0.627330089343 1
0.622909459827 1
1.06969922005 1
0.691645091912 1
0 1
0.26496454194 0
0 1
0.267949995651 0
0.101063364265 0
0.699816094521 1
0.72114149582 1
0 1
0.674209776581 1
0.197430074687 0
0.61175429929 1
0.619208442414 1
0 1
0.779231174066 1
0 1
0.770328133941 1
0.721409689296 1
0.800145474851 1
0 1
0.706875707193 1
0.318244289257 1
0.51967891036 1
0.798797587 1
0.995821804632 1
0 1
0.833534064619 1
1.00324875267 1
0.752006097237 1
0 1
0 1
0.286406798615 1
0.562991094604 1
0.970849457977 1
0.828291028089 1
0.763857430166 1
0.799622815817 1
0.74634102889 1
0 1
0.684394302744 1
0.30715531194 0
0.720778607038 1
0 1
0.367689932783 1
0.860175170134 1
0.771573751214 1
0.785716572528 1
0.640370076918 1
0.190170553825 0
0.820295862619 1
0.692927667356 1
0.608040402031 1
0.981495473689 1
0 1
0.338121945789 1
0.692458756176 1
0.923717817519 1
0.836480085301 1
0.816802579585 1
0.835358997511 1
0.879591172571 1
0.524146175058 1
0.549403750111 1
0 1
0.624473909403 0
0 1
0 1
0.803936022031 0
0.578709377997 1
0.785559857187 1
0.338070003428 0
0.748668835214 1
0 1
0 1
0.36626758164 0
0.556512734739 0
0 1
0 1
0 1
0 1
0 1
0.600725860323 1
0.876215239251 1
0 1
0 1
0 1
0 1
0 1
0 1
0 1
0.45505086323 0
0.233875317668 1
0.832482038719 1
0.716237351963 1
1.12235554473 1
0.585940479965 1
0 1
0.490945548246 0
0.585373918876 0
0.51711844004 0
0.589846251561 1
0.795091563633 0
0.18794633274 0
0.45303508393 1
0.717452978471 1
0.997560868806 1
0.556073370709 1
0 1
0.528609692766 1
0.363229547316 1
0 1
0 1
0.479477428081 0
0 1
0.890573677599 1
0.868340795374 1
0.583970709841 1
0.504059147416 1
0.608242583595 1
0.638596570253 1
0.784202659534 1
0.953379300182 1
0.738317431834 1
0 1
0.84000531832 1
0.252796968658 0
0.833921098466 1
0.426133595002 0
0.77735297241 1
0.586536252132 1
0 1
0.686392971994 1
0.748488055238 1
0.486412508277 1
0 1
0.809989306009 1
0.606499852048 1
0 1
0.126805703004 0
0.450448757721 1
0.725226020869 1
0.663466723828 1
0.679544064015 1
0.680165160084 1
0.759283128965 1
0.828162588265 1
0.939771492968 1
0 1
0.398182119835 0
0.571825171911 1
0 1
0.480541553689 0
0 1
0.695980712545 1
0.785682425459 1
0 1
0.47714757071 0
0.502736492022 0
0.613167279122 1
0.561527890523 1
0.731648837383 1
0.720132270295 1
0 1
0 1
0 1
0.598906879905 1
0.536898057827 1
0.701738597446 1
0.653868054666 1
0.674691175001 1
0.864761174154 1
0.977675554978 1
0.632641637795 0
1.00450062301 1
0.210463600634 0
0.793404145944 1
0.588333370407 0
0.680650628102 1
1.01664766541 1
0.658476333548 1
0.790271725883 1
0.710973521228 1
0.809757106591 1
0 1
0.671256717734 1
0 1
0 1
0.473619452342 1
0.583398517802 1
0 1
0 1
0 1
0.872275560788 1
0.181429764244 0
0.726521092548 1
0.646850626245 1
0.753843910798 1
0.666640864621 1
0.420443681115 1
0.818353979713 1
0.605319227899 1
0.672075232806 1
0.993144137329 1
0.885256331449 1
1.08244758138 1
0.821109300638 1
0.750057356664 1
1.07155218285 1
0 1
0 1
0.383465870369 0
0.199472194828 0
0.592077431421 1
0.97722180316 1
0.833543681866 1
0 1
0 1
0.722166646384 1
0.537485709852 1
0.426801730219 0
0.618480709246 1
0.752408751679 1
0.706564920875 1
0.866882672009 1
0.699451716001 1
0.787367195418 1
0 1
0.49348571326 0
0.506377978373 1
0 1
0 1
1.17607703262 1
0.761650396663 1
0.548433915274 1
0.564875238152 1
0.194399848998 0
0.435477581892 0
0.956899298554 1
0.70397001488 1
0.51466360269 1
0.39175790968 1
0 1
0.646985167378 1
0.874076494957 1
1.09191235169 1
0 1
0.662457193331 1
